207 401 176 1352 1362 387 262 429 379 1362 270 1178 283 234 353 1031 
8 0 40
8 0 40
8 0 40
8 0 40
8 0 40
8 0 40
8 0 40
8 0 40
8 0 40
9 0 40
9 1 40
9 0 40
9 0 40
9 0 40
9 0 40
9 0 40
9 0 40
9 0 40
9 0 40
8 0 40
8 0 40
8 0 40
8 0 40
8 0 40
7 0 40
7 1 40
7 1 40
7 1 40
7 1 40
7 1 40
7 1 40
7 1 40
7 1 40
7 1 40
7 1 40
7 1 40
7 1 40
7 1 40
8 1 40
8 1 40
8 1 40
8 2 40
8 1 40
9 1 40
9 1 40
9 1 40
9 1 40
9 1 40
9 1 40
8 1 40
8 1 40
8 1 40
8 1 40
8 2 40
8 1 40
7 1 40
8 1 40
8 1 40
8 1 40
8 1 40
8 2 40
8 1 40
8 1 40
7 1 40
7 1 40
7 1 40
7 1 40
7 1 40
7 1 40
7 1 40
6 1 40
7 1 40
6 1 40
6 1 40
6 1 40
6 1 40
7 1 40
7 1 40
7 2 40
7 2 40
7 2 40
6 2 40
6 2 40
6 2 40
6 2 40
5 2 40
6 2 40
6 2 40
6 2 40
6 2 40
7 2 40
7 3 40
7 3 40
7 3 40
7 3 40
7 3 40
7 3 40
8 3 40
8 3 40
8 3 40
9 3 40
9 2 40
9 2 40
9 2 40
9 3 40
9 4 40
9 4 40
9 4 40
9 4 40
8 4 40
8 3 40
8 3 40
8 3 40
8 3 40
8 3 40
7 3 40
7 2 40
7 1 40
7 1 40
7 1 40
7 1 40
6 1 40
6 1 40
6 1 40
6 2 40
6 2 40
6 2 40
6 2 40
6 2 40
6 3 40
6 3 40
6 3 40
7 3 40
7 2 40
7 2 40
7 2 40
7 3 40
7 3 40
7 3 40
7 3 40
7 3 40
7 3 40
7 3 40
6 3 40
6 3 40
6 4 40
6 4 40
6 4 40
6 4 40
6 4 40
6 4 40
6 4 40
5 4 40
5 3 40
5 3 40
5 4 40
5 4 40
4 4 40
4 4 40
4 5 40
5 5 40
5 6 40
5 7 40
5 7 40
5 7 40
5 7 40
5 7 40
5 7 40
5 7 40
5 8 40
5 8 40
6 8 40
7 8 40
7 8 40
8 8 40
8 8 40
8 8 40
7 8 40
7 8 40
7 8 40
7 8 40
8 8 40
7 8 40
6 8 40
6 8 35
6 8 30
6 8 30
7 8 30
7 8 27
7 7 27
7 7 27
8 7 27
8 7 27
8 7 27
7 7 27
7 7 27
7 7 27
8 7 27
8 7 27
8 7 27
7 7 27
7 7 22
7 7 17
6 7 12
6 8 7
6 8 7
7 8 2 1
8 3 25
8 3 25
8 2 25
8 2 25
8 2 25
8 2 25
8 2 25
8 2 25
8 3 25
8 3 25
8 3 25
7 3 25
7 3 25
6 3 25
7 3 25
7 4 25
7 4 25
7 4 25
7 3 25
7 4 25
6 4 25
6 4 25
6 5 25
6 6 25
6 5 25
6 5 25
6 6 25
6 6 25
5 6 25
5 5 25
5 5 25
5 5 25
5 6 25
5 6 25
5 6 25
4 6 25
4 6 25
3 6 25
3 5 25
3 4 25
2 4 25
3 4 25
3 4 25
3 4 25
3 4 25
3 5 25
3 5 25
3 5 25
2 5 25
2 5 25
2 5 25
2 5 25
2 5 25
2 5 25
2 5 25
2 5 25
3 5 25
3 5 25
2 5 25
2 6 25
2 6 25
2 5 25
2 5 25
2 5 25
2 5 25
2 6 25
3 6 25
3 7 25
3 7 25
2 7 25
2 7 25
2 7 25
3 7 25
3 7 25
4 7 25
4 7 25
4 7 25
4 7 25
4 6 25
4 6 25
3 6 25
3 6 25
3 6 25
3 6 25
3 6 25
3 6 25
3 6 25
3 6 25
3 5 25
2 5 25
1 5 25
2 5 25
1 5 25
1 5 25
1 6 25
1 6 25
1 7 25
0 7 25
0 7 25
0 7 25
0 7 25
1 7 25
1 7 25
1 7 25
2 7 25
3 7 25
3 7 25
3 6 25
3 6 25
3 6 25
3 6 25
3 5 25
3 5 25
3 5 25
3 5 25
3 5 25
3 6 25
2 6 25
2 6 25
2 7 25
2 8 25
2 8 25
1 8 25
0 8 25
0 8 25
1 8 25
0 8 25
0 8 25
0 9 25
0 9 25
0 8 25
0 8 25
0 8 25
0 8 25
0 8 25
0 8 25
0 8 25
0 8 25
0 8 25
0 8 25
0 8 25
0 8 25
0 8 25
0 8 25
0 8 25
0 8 25
0 7 25
0 7 25
1 7 25
0 7 25
0 7 25
0 6 25
1 6 25
1 6 25
0 6 25
1 6 25
2 6 25
2 6 25
2 6 25
1 6 25
1 6 25
1 6 25
1 6 25
1 6 25
1 6 25
1 6 25
0 6 25
0 7 25
1 7 25
1 6 25
1 7 25
1 7 25
1 8 25
1 8 25
1 7 25
1 7 25
2 7 25
1 7 25
1 7 25
0 7 25
0 6 25
0 7 25
0 7 25
0 7 25
0 7 25
0 7 25
0 7 25
0 7 25
0 7 25
0 7 25
0 7 25
0 7 25
0 7 25
0 8 25
0 8 25
0 8 25
0 8 25
0 8 25
0 8 25
1 8 25
1 9 25
1 9 25
1 10 25
0 10 25
0 10 25
0 10 25
0 10 25
0 10 25
0 11 25
0 12 25
0 12 25
1 12 25
1 12 25
1 12 25
1 12 25
1 12 25
1 11 25
1 12 25
1 12 25
1 12 25
1 11 25
1 11 25
2 11 25
2 11 25
2 12 25
1 12 25
2 12 25
3 12 25
3 12 25
3 13 25
3 13 25
3 13 24
2 13 23
2 13 23
3 13 23
3 13 23
3 14 23
3 14 23
4 14 23
4 14 23
4 14 23
4 14 23
4 14 23
4 14 23
4 13 23
4 14 23
5 14 23
5 14 23
5 15 23
4 15 23
4 15 23
4 15 23
4 15 23
4 15 23
3 15 23
3 14 23
3 15 23
3 15 23
3 15 23
3 15 23
3 15 23
3 16 23
3 16 23
4 16 23
4 17 23
5 17 23
5 17 22
5 18 21
5 18 20
5 18 19
5 18 18
5 17 18
6 17 18
5 17 18
5 17 18
5 18 18
5 19 18
5 19 18
6 19 17
6 19 17
5 19 17
6 19 17
6 19 17
6 19 17
6 19 17
6 19 17
6 19 17
6 18 17
6 18 17
6 18 17
6 17 17
7 17 17
7 17 17
7 17 17
7 17 17
7 18 17
7 18 17
7 18 17
7 18 17
7 18 17
7 18 17
7 18 17
8 18 17
8 18 17
8 17 17
8 17 17
8 17 17
8 17 17
8 18 17
8 18 17
8 18 17
8 19 17
8 19 17
8 19 17
8 19 17
8 19 17
8 19 17
8 19 17
8 19 17
8 19 17
8 19 17
8 18 17
8 18 17
8 18 17
8 18 17
8 18 17
8 18 17
8 18 17
8 18 17
8 18 17
8 18 17
7 18 17
7 18 17
8 18 17
7 18 17
7 18 17
7 19 17
7 19 17
7 18 17
7 18 17
6 18 17
7 18 17
7 18 17
7 17 17
7 17 17
6 17 16
5 17 15
4 17 14
4 17 14
3 17 13
4 17 12
5 17 11
5 17 10
6 17 10
6 18 10
6 18 10
6 18 10
6 18 10
6 18 10
7 18 10
7 17 9
7 17 9
7 16 8
6 16 8
6 16 8
6 15 8
6 15 8
6 15 8
6 15 8
6 15 8
6 15 8
6 16 8
6 17 8
6 17 8
6 17 7
6 17 6
7 17 5
8 17 4
8 18 3
8 18 3
9 18 3
9 18 3
9 17 3
9 17 3
8 17 3
9 17 3
9 17 3
9 17 3
9 18 3
9 18 3
9 18 3
9 18 3
10 18 3
11 18 3
12 18 2
12 18 2
12 18 2
12 18 2
12 17 2
12 17 2
13 17 1 1
7 2 20
7 2 20
7 2 20
7 2 20
7 2 20
7 2 20
7 1 20
7 1 20
7 2 20
6 2 20
6 2 20
6 3 20
6 2 20
7 2 20
7 1 20
7 1 20
7 0 20
7 0 20
7 0 20
7 0 20
7 0 20
7 0 20
7 0 20
7 1 20
8 1 20
9 1 20
9 2 20
8 2 20
8 2 20
7 2 20
7 2 20
7 2 20
7 2 20
7 3 20
7 3 20
7 3 20
7 3 20
7 4 20
7 4 20
7 3 20
7 2 20
7 2 20
7 2 20
7 2 20
7 2 20
7 2 20
7 2 20
7 2 20
7 2 20
7 3 20
7 4 20
7 4 20
7 4 20
6 4 20
6 4 20
6 4 20
5 4 20
6 4 20
6 3 20
6 3 20
6 3 20
6 3 20
6 2 20
6 2 20
6 2 20
7 2 20
7 2 20
7 2 20
7 2 20
7 3 20
7 3 20
7 2 20
7 2 20
7 2 20
7 3 20
7 3 20
8 3 20
8 3 20
8 3 20
8 3 20
8 3 20
8 3 20
8 4 20
8 4 20
7 4 20
6 4 20
6 5 20
6 5 20
6 5 20
6 4 20
6 4 20
6 3 20
6 3 20
5 3 20
5 3 20
5 3 20
4 3 20
4 3 20
4 3 20
5 3 20
4 3 20
4 3 20
4 3 20
4 3 20
3 3 20
3 3 20
3 3 20
3 3 20
3 3 20
3 3 20
4 3 20
5 3 20
5 2 20
4 2 20
4 2 20
4 2 20
5 2 20
4 2 20
4 2 20
4 2 20
4 2 20
4 2 20
4 3 20
4 3 20
4 3 20
4 4 20
4 4 20
3 4 20
2 4 20
3 4 20
3 4 20
3 4 20
3 4 20
3 4 20
3 4 20
3 4 20
3 4 20
3 4 20
3 4 20
3 4 20
3 4 20
2 4 20
3 4 20
4 4 20
4 4 20
4 4 20
4 4 20
4 4 20
4 4 20
4 4 20
4 4 20
4 5 20
4 4 20
4 3 20
4 3 20
4 3 20
4 3 20
4 3 20
4 3 20
4 4 20
4 4 20
4 4 20
4 5 20
4 6 20
4 6 20
4 6 20
4 6 20
4 7 20
4 7 20
4 7 20
4 7 20
4 7 20
3 7 20
4 7 13
4 7 13
3 7 6 1
9 2 20
9 2 20
9 2 20
9 2 20
9 2 20
9 2 20
9 2 20
9 2 20
10 2 20
9 2 20
9 2 20
9 2 20
9 3 20
9 3 20
9 2 20
9 1 20
9 1 20
8 1 20
8 1 20
8 1 20
8 1 20
9 1 20
9 1 20
10 1 20
10 1 20
10 1 20
10 1 20
11 1 20
11 2 20
11 2 20
11 2 20
11 2 20
11 3 20
11 3 20
11 2 20
11 2 20
11 1 20
11 1 20
11 0 20
11 0 20
11 0 20
11 0 20
11 0 20
11 0 20
11 0 20
11 1 20
11 2 20
12 2 20
12 2 20
12 3 20
12 3 20
12 2 20
12 1 20
12 1 20
12 1 20
12 2 20
12 2 20
11 2 20
11 1 20
11 1 20
12 1 20
11 1 20
11 1 20
11 1 20
11 0 20
12 0 20
12 0 20
12 0 20
12 0 20
12 1 20
13 1 20
14 1 20
13 1 20
13 0 20
13 1 20
13 1 20
13 1 20
13 1 20
13 2 20
12 2 20
12 3 20
13 3 20
13 3 20
13 3 20
13 3 20
13 3 20
14 3 20
14 3 20
14 4 20
15 4 20
15 4 20
14 4 20
14 4 20
14 4 20
14 4 20
15 4 20
15 3 20
15 2 20
15 2 20
15 2 20
15 2 20
15 2 20
15 3 20
14 3 20
14 3 20
14 3 20
14 3 20
14 3 20
14 3 20
14 3 20
14 3 20
14 3 20
14 3 20
14 3 20
14 3 20
14 4 20
14 5 20
14 6 20
14 6 20
14 6 20
14 7 20
14 7 20
13 7 20
13 8 20
13 7 20
13 7 20
12 7 20
12 7 20
12 7 20
12 7 20
12 7 20
13 7 20
14 7 20
14 7 20
14 7 20
13 7 20
13 8 20
13 8 20
14 8 20
14 8 20
14 8 20
14 9 20
14 8 20
14 8 20
14 9 20
14 9 20
14 9 20
14 9 20
13 9 20
13 9 20
13 8 20
13 8 20
13 7 20
13 8 20
13 8 20
13 9 20
13 9 20
12 9 20
12 8 20
12 9 20
12 8 20
12 8 20
13 8 20
13 7 20
12 7 20
13 7 20
13 8 20
14 8 20
14 9 20
13 9 20
12 9 20
11 9 20
11 8 20
11 8 20
11 8 20
11 8 20
11 8 20
10 8 20
11 8 20
11 8 20
11 8 20
11 8 20
11 8 20
11 8 20
11 8 20
12 8 20
12 7 20
12 7 20
12 7 20
12 7 20
12 6 20
12 7 20
13 7 20
13 7 20
13 7 20
13 7 20
13 8 20
12 8 20
12 9 20
13 9 20
12 9 20
12 9 20
12 8 20
12 8 20
12 7 20
13 7 20
13 6 20
12 6 20
12 6 20
11 6 20
11 6 20
11 6 20
12 6 20
12 6 20
12 5 20
12 5 20
12 5 20
13 5 20
13 5 20
13 5 20
13 6 20
12 6 20
12 7 20
12 7 20
12 7 20
13 7 20
13 8 20
13 7 20
13 7 20
14 7 20
14 7 20
14 8 20
15 8 20
15 8 20
15 8 20
15 9 20
15 9 20
14 9 20
15 9 20
15 9 20
15 9 20
15 9 20
14 9 20
14 9 20
14 9 20
14 9 20
13 9 20
13 9 20
13 9 20
13 9 20
13 8 20
13 7 20
13 8 20
13 7 20
13 6 20
13 6 20
13 6 20
13 6 20
12 6 20
13 6 20
13 6 20
13 6 20
14 6 20
15 6 20
15 5 20
15 5 20
15 5 20
15 5 20
15 5 20
15 4 20
14 4 20
14 4 20
15 4 20
15 4 20
15 4 20
14 4 20
14 5 20
14 4 20
14 4 20
14 5 20
14 5 20
14 4 20
14 4 20
14 3 20
14 3 20
14 3 20
14 3 20
14 3 20
14 4 20
14 4 20
15 4 20
15 3 20
15 2 20
15 2 20
14 2 20
14 1 20
14 1 20
14 0 20
14 0 20
14 0 20
14 0 20
14 0 20
14 0 20
14 1 20
15 1 20
15 2 20
15 2 20
14 2 20
14 2 20
15 2 20
15 2 20
15 2 20
15 2 20
14 2 20
14 3 20
14 3 20
14 3 20
14 3 20
14 4 20
13 4 20
14 4 20
14 4 20
15 4 20
15 4 20
15 3 20
15 3 20
15 3 20
15 3 20
15 3 20
15 3 20
15 4 20
15 4 20
15 4 20
14 4 20
14 4 20
14 3 20
14 3 20
14 3 20
14 4 20
14 5 20
14 5 20
14 4 20
14 4 20
14 4 20
14 4 20
14 3 20
14 2 20
15 2 20
14 2 20
14 2 20
14 2 20
14 1 20
15 1 20
14 1 20
13 1 20
13 1 20
13 1 20
13 1 20
14 1 20
13 1 20
13 1 20
13 1 20
13 1 20
13 0 20
13 0 20
13 0 20
14 0 20
13 0 20
13 0 20
13 0 20
12 0 20
12 0 20
13 0 20
13 0 20
13 0 20
13 0 20
13 0 20
13 0 20
13 0 20
13 0 20
13 1 20
13 1 20
13 1 20
13 1 20
13 1 20
13 2 20
13 3 20
13 4 20
13 5 20
13 5 20
13 5 20
13 5 20
13 5 20
13 5 20
14 5 20
14 5 20
14 5 20
15 5 20
15 4 20
15 4 20
15 3 20
15 3 20
15 3 20
15 2 20
15 2 20
15 2 20
15 2 20
15 2 20
15 2 20
15 1 20
15 1 20
15 1 20
15 1 20
15 2 20
15 2 20
15 2 20
15 2 20
15 2 20
15 2 20
15 2 20
15 2 20
15 2 20
15 2 20
15 2 20
15 2 20
15 2 20
15 2 20
15 2 20
15 1 20
15 1 20
15 1 20
15 1 20
15 2 20
15 2 20
15 1 20
15 1 20
15 1 20
15 1 20
15 1 20
15 1 20
14 1 20
14 1 20
14 1 20
14 1 20
13 1 20
12 1 20
12 1 20
11 1 20
11 1 20
10 1 20
10 1 20
10 0 20
10 0 20
10 0 20
10 0 20
10 0 20
11 0 20
11 0 20
11 0 20
10 0 20
10 1 20
10 1 20
10 1 20
10 1 20
10 1 20
10 0 20
10 0 20
10 0 20
9 0 20
9 0 20
8 0 20
8 0 20
9 0 20
9 0 20
9 0 20
9 0 20
10 0 20
10 1 20
10 1 20
9 1 20
8 1 20
7 1 20
7 2 20
6 2 20
6 1 20
6 0 20
7 0 20
7 0 20
7 0 20
7 0 20
7 0 20
7 0 20
7 0 20
8 0 20
7 0 20
6 0 20
7 0 20
7 1 20
6 1 20
6 1 20
6 1 20
6 2 20
6 1 20
6 1 20
6 1 20
6 2 20
6 2 20
6 2 20
6 2 20
6 2 20
6 3 20
6 3 20
6 3 20
6 2 20
6 2 20
6 1 20
6 1 20
6 1 20
6 2 20
6 2 20
6 3 20
6 3 20
7 3 20
7 3 20
6 3 20
6 4 20
6 4 20
6 4 20
6 4 20
6 5 20
5 5 20
5 4 20
5 4 20
5 4 20
5 5 20
5 6 20
4 6 20
5 6 20
5 6 20
5 6 20
6 6 20
6 5 20
6 5 20
6 5 20
7 5 20
6 5 20
6 6 20
6 6 20
5 6 20
5 7 20
5 6 20
4 6 20
4 6 20
4 6 20
4 5 20
5 5 20
5 5 20
4 5 20
3 5 20
2 5 20
2 6 20
2 5 20
2 5 20
2 5 20
3 5 20
3 4 20
4 4 20
3 4 20
2 4 20
1 4 20
0 4 20
0 3 20
0 3 20
0 3 20
0 2 20
0 2 20
0 2 20
0 1 20
0 1 20
0 2 20
0 3 20
0 3 20
0 3 20
0 3 20
0 3 20
0 4 20
0 3 20
0 3 20
0 3 20
0 3 20
0 3 20
0 3 20
0 3 20
1 3 20
1 3 20
1 2 20
0 2 20
0 3 20
0 3 20
0 2 20
0 3 20
0 3 20
0 3 20
0 4 20
0 4 20
0 4 20
0 5 20
0 5 20
0 6 20
0 5 20
0 5 20
0 5 20
0 5 20
0 5 20
0 6 20
1 6 20
2 6 20
2 7 20
2 8 20
1 8 20
1 8 20
1 8 20
1 8 20
1 8 20
1 8 20
0 8 20
0 8 20
0 8 20
0 8 20
0 8 20
0 9 20
0 9 20
0 9 20
0 9 20
0 9 20
0 9 20
0 9 20
0 9 20
0 9 20
0 8 20
0 8 20
0 8 20
1 8 20
1 8 20
1 8 20
0 8 20
0 8 20
0 7 20
0 7 20
0 7 20
0 6 20
0 6 20
0 6 20
0 6 20
0 5 20
0 5 20
0 5 20
0 5 20
0 5 20
0 5 20
1 5 20
1 6 20
0 6 20
0 6 20
0 6 20
0 6 20
1 6 20
1 6 20
1 6 20
1 5 20
1 5 20
1 5 20
1 6 20
1 6 20
1 6 20
0 6 20
0 6 20
1 6 20
1 6 20
1 7 20
1 6 20
1 5 20
1 5 20
0 5 20
0 5 20
0 5 20
0 5 20
0 5 20
0 5 20
0 5 20
0 6 20
0 6 20
1 6 20
0 6 20
1 6 20
1 6 20
1 6 20
1 6 20
1 6 20
1 6 20
1 6 20
1 6 20
1 6 20
1 6 20
1 7 20
0 7 20
0 6 20
0 6 20
0 6 20
0 6 20
0 6 20
0 7 20
0 7 20
0 7 20
0 7 20
0 7 20
0 7 20
0 7 20
0 7 20
1 7 20
1 7 20
0 7 19
0 7 18
0 7 17
1 7 16
0 7 16
0 7 16
0 7 15
0 7 15
0 6 15
0 6 15
0 6 15
0 6 15
0 6 15
0 6 15
0 6 15
0 7 15
0 7 15
0 7 15
0 7 15
0 7 15
0 7 15
0 7 15
0 7 15
0 7 15
0 7 15
0 7 15
0 6 15
1 6 15
1 7 15
1 6 15
1 6 15
1 6 15
1 6 15
0 6 15
0 6 15
0 6 15
0 6 15
0 6 15
0 6 15
0 6 15
0 6 15
0 7 15
0 7 15
0 7 15
0 7 15
0 7 15
0 7 15
0 7 15
0 6 15
0 6 15
0 6 15
0 6 15
0 6 15
0 5 15
1 5 15
2 5 15
2 5 15
2 4 15
2 4 15
2 4 15
2 4 15
2 4 15
2 4 15
2 4 15
3 4 15
3 4 15
3 4 15
3 4 15
3 4 15
3 4 15
3 4 15
3 5 15
3 5 15
4 5 15
4 5 15
4 5 15
4 6 15
4 7 15
4 8 15
4 8 15
4 8 15
5 8 15
5 8 15
5 8 15
5 9 15
5 9 15
5 9 15
5 9 15
5 9 15
5 10 15
5 11 15
6 11 15
6 11 15
6 11 15
6 11 15
6 10 15
6 10 15
6 10 15
6 10 15
6 9 15
6 8 15
6 8 15
6 8 15
7 8 15
7 8 15
7 8 15
6 8 15
6 8 15
6 8 15
6 8 15
6 8 15
6 8 15
6 9 15
6 9 15
6 9 15
5 9 15
5 8 15
4 8 15
4 9 15
4 8 15
3 8 15
3 8 15
3 9 15
4 9 15
3 9 15
3 9 15
4 9 15
4 9 15
3 9 15
4 9 15
4 9 15
5 9 14
5 9 13
5 9 12
5 9 12
6 9 12
6 9 12
6 9 12
6 9 12
6 8 12
6 9 12
6 9 12
6 8 12
6 8 12
7 8 12
7 8 12
7 7 12
7 7 12
7 8 12
7 8 12
7 7 12
7 7 12
8 7 12
8 7 12
7 7 12
8 7 12
8 8 12
8 9 12
8 10 12
9 10 12
9 11 12
9 11 12
8 11 12
9 11 12
9 11 12
9 11 12
9 11 12
9 12 12
9 12 12
9 12 12
10 12 12
10 13 12
10 12 12
10 11 12
10 11 12
10 10 12
10 10 11
10 10 10
11 10 9
11 10 8
11 10 8
11 11 8
11 11 8
12 11 8
12 11 8
12 11 8
12 12 8
12 11 8
12 11 8
12 10 8
12 10 8
12 10 8
12 10 8
12 10 8
12 9 8
12 8 8
12 9 8
12 9 8
12 9 8
12 9 8
12 9 8
11 9 8
12 9 8
12 8 8
12 8 8
12 8 8
12 8 8
12 8 8
13 8 8
12 8 8
12 7 8
12 7 8
12 8 8
12 8 8
12 7 8
12 8 8
12 8 8
12 7 8
12 7 8
12 7 8
12 8 8
13 8 8
13 9 8
13 9 8
13 9 8
13 10 8
13 10 8
13 10 8
14 10 8
14 10 8
14 10 8
14 11 8
13 11 8
13 11 8
13 11 8
13 12 8
13 11 8
13 11 8
14 11 8
14 12 8
14 13 8
15 13 8
15 13 8
15 13 8
15 13 8
15 13 8
15 13 8
15 13 8
15 12 8
15 12 8
15 12 8
15 12 8
14 12 8
13 12 8
13 12 8
13 12 8
13 12 8
13 12 8
13 12 8
13 11 8
12 11 8
12 11 8
12 11 8
12 11 8
12 11 8
12 11 8
12 11 8
12 11 8
13 11 8
14 11 8
14 11 8
14 11 8
14 11 8
14 10 8
15 10 8
15 10 8
15 10 8
15 10 8
15 10 8
15 11 8
15 11 8
15 11 8
15 11 8
15 11 8
15 11 8
15 11 8
15 12 8
15 13 8
15 12 8
15 12 8
15 12 8
15 13 8
15 13 8
14 13 8
14 13 8
13 13 8
13 13 8
13 13 8
12 13 8
12 14 8
12 14 8
12 14 8
12 13 8
12 14 8
12 14 8
11 14 8
11 15 8
11 15 8
11 15 8
11 14 8
11 14 8
11 14 8
11 14 8
11 14 8
11 14 8
11 15 8
11 16 8
11 15 8
11 15 8
12 15 8
12 15 8
11 15 8
11 14 8
12 14 8
12 14 8
12 14 8
11 14 8
11 13 8
11 14 8
11 14 8
11 14 8
11 14 8
10 14 8
11 14 8
11 14 8
11 14 8
11 14 8
11 14 8
12 14 8
12 13 8
12 13 8
11 13 8
11 13 8
11 13 8
11 13 8
11 14 8
11 14 8
11 14 8
11 14 8
11 14 8
10 14 8
10 14 8
11 14 8
11 14 8
11 14 8
11 15 8
11 15 8
11 15 8
12 15 8
12 15 8
12 16 8
12 16 8
12 15 8
13 15 8
13 15 8
12 15 8
12 15 8
11 15 8
11 15 8
11 15 8
11 16 8
11 16 8
11 16 8
10 16 8
10 16 8
10 16 8
10 16 8
10 15 8
9 15 8
9 15 8
10 15 8
9 15 8
9 15 8
10 15 8
10 14 8
10 14 8
10 13 8
9 13 8
9 13 8
10 13 8
10 13 8
11 13 8
10 13 8
9 13 8
8 13 8
8 13 8
8 12 8
8 12 8
8 12 8
8 12 8
8 12 8
8 12 8
8 12 8
8 12 8
8 13 8
8 13 8
9 13 8
9 14 8
9 14 8
9 14 8
8 14 8
8 13 8
8 13 8
8 13 8
8 12 8
8 11 8
8 10 8
8 9 8
8 9 8
8 9 8
8 9 8
8 9 8
9 9 8
8 9 8
8 9 8
8 9 8
8 10 8
8 10 8
8 10 8
8 11 8
8 11 8
9 11 8
10 11 8
10 11 8
10 11 8
10 11 8
10 11 8
10 11 8
10 10 8
10 10 8
10 10 8
10 9 8
11 9 8
11 9 8
11 9 8
11 9 8
12 9 8
12 9 8
12 8 8
12 8 8
13 8 8
13 8 8
13 7 8
13 7 8
12 7 8
12 7 7
12 7 6
12 6 6
12 6 6
12 6 6
12 6 6
12 5 6
11 5 6
11 5 6
11 5 6
11 5 6
11 5 6
11 5 6
11 5 6
10 5 6
10 5 6
10 5 6
10 5 6
10 6 6
10 6 6
9 6 6
9 7 6
9 7 6
9 7 6
9 7 6
9 7 6
9 8 6
9 8 6
9 8 6
9 7 6
9 7 6
10 7 6
10 8 6
11 8 6
11 8 6
11 9 6
11 9 6
11 9 6
11 9 6
12 9 6
13 9 6
13 9 6
13 9 6
13 10 6
13 10 6
13 10 6
13 9 6
13 9 6
13 9 6
13 10 6
13 10 6
13 10 6
13 10 6
13 11 6
12 11 6
12 12 6
12 11 6
13 11 6
13 11 6
13 11 6
13 12 6
14 12 6
14 12 6
14 12 6
15 12 6
15 12 6
15 11 6
15 11 6
15 11 6
15 11 6
15 11 6
15 11 6
14 11 6
15 11 6
14 11 6
14 11 6
13 11 6
13 11 6
13 11 6
14 11 6
14 11 6
14 11 6
14 11 6
14 11 6
15 11 6
15 11 6
14 11 6
15 11 6
15 11 6
15 11 6
15 11 6
15 10 6
15 11 6
15 10 6
15 10 6
15 10 6
15 10 6
15 10 6
14 10 6
13 10 6
14 10 6
14 10 6
14 10 6
14 10 6
14 10 6
15 10 6
15 10 6
15 10 6
15 10 6
15 10 6
15 10 6
15 11 6
15 11 6
15 10 6
15 10 6
15 10 6
15 10 6
15 10 6
15 11 6
15 11 6
15 11 6
15 12 6
15 12 6
14 12 6
14 12 6
14 11 6
14 12 6
14 12 6
14 12 6
14 13 6
14 13 6
14 13 6
14 13 6
13 13 6
13 13 6
12 13 6
12 13 6
12 12 6
12 12 6
11 12 6
11 12 6
10 12 6
9 12 6
9 12 6
9 13 6
9 13 6
10 13 6
10 12 6
10 12 6
10 11 6
9 11 6
9 11 6
9 11 6
10 11 6
9 11 6
9 11 6
9 11 6
8 11 6
8 11 6
8 11 6
8 11 6
8 11 6
8 11 6
8 11 6
8 11 6
8 11 6
8 10 6
8 10 6
8 10 6
9 10 6
9 11 5
9 10 5
9 10 4
9 10 3
9 10 2
9 10 1 1
6 1 20
6 1 20
5 1 20
5 0 20
5 0 20
5 0 20
5 0 20
5 0 20
5 0 20
5 0 20
4 0 20
3 0 20
4 0 20
3 0 20
4 0 20
4 0 20
4 0 20
5 0 20
6 0 20
6 0 20
6 0 20
6 0 20
6 0 20
6 0 20
5 0 20
5 0 20
5 0 20
5 0 20
6 0 20
6 0 20
6 0 20
6 0 20
6 0 20
6 0 20
6 0 20
6 0 20
6 0 20
6 0 20
6 0 20
6 0 20
6 0 20
6 0 20
6 0 20
6 0 20
6 0 20
6 0 20
6 0 20
6 0 20
6 0 20
6 0 20
6 0 20
5 0 20
5 0 20
5 0 20
5 0 20
5 0 20
5 1 20
5 1 20
5 0 20
4 0 20
4 0 20
4 0 20
5 0 20
5 0 20
5 0 20
5 0 20
4 0 20
4 0 20
4 0 20
4 1 20
4 1 20
4 0 20
4 0 20
4 0 20
4 0 20
3 0 20
3 0 20
3 0 20
3 0 20
2 0 20
3 0 20
3 1 20
3 1 20
3 1 20
3 2 20
3 2 20
4 2 20
4 3 20
4 3 20
5 3 20
5 4 20
5 4 20
4 4 20
4 4 20
5 4 20
5 5 20
5 5 20
5 5 20
5 5 20
5 5 20
5 4 20
5 4 20
5 4 20
6 4 20
6 4 20
5 4 20
4 4 20
4 4 20
4 4 20
4 5 20
4 6 20
4 7 20
4 7 20
4 7 20
3 7 20
3 7 20
4 7 20
3 7 20
3 6 20
3 6 20
3 6 20
3 6 20
2 6 20
1 6 20
1 6 20
1 7 20
1 7 20
1 6 20
1 6 20
1 6 20
1 6 20
1 6 20
1 6 20
1 6 20
1 6 20
1 6 20
0 6 20
0 6 20
0 6 20
0 6 20
1 6 20
1 6 20
2 6 20
2 5 20
3 5 20
3 4 20
3 4 20
3 4 20
3 4 20
3 3 20
4 3 20
4 2 20
4 2 20
4 2 20
4 2 20
3 2 20
3 2 20
2 2 20
2 2 20
2 2 20
2 3 20
2 2 20
2 2 20
2 2 20
2 2 20
2 2 20
2 2 20
2 2 20
3 2 20
3 1 20
3 1 20
3 2 20
4 2 20
4 1 20
4 1 20
4 1 20
4 2 20
4 2 20
4 1 20
4 1 20
4 1 20
4 0 20
4 0 20
4 0 20
3 0 20
2 0 20
2 0 20
2 0 20
2 0 20
2 0 20
1 0 20
1 0 20
1 0 20
1 0 20
1 0 20
1 0 20
1 0 20
2 0 20
2 1 20
2 1 20
2 1 20
2 0 20
2 0 20
2 0 20
2 0 20
2 0 20
2 0 20
2 1 20
2 1 20
2 1 20
2 1 20
2 1 20
3 1 20
2 1 20
2 1 20
2 0 20
1 0 20
1 0 20
1 0 20
2 0 20
2 0 20
2 0 20
2 0 20
2 1 20
2 1 20
2 1 20
2 2 20
2 2 20
2 2 20
2 2 20
1 2 20
0 2 20
0 2 20
1 2 20
1 2 20
0 2 20
0 1 20
0 1 20
0 2 20
0 2 20
0 2 20
1 2 20
1 2 20
1 2 20
1 2 20
1 1 20
1 0 20
1 1 20
0 1 20
0 2 20
0 2 20
0 2 20
0 2 20
0 2 20
0 2 20
0 3 20
1 3 20
1 4 20
1 4 20
1 5 20
1 4 20
0 4 20
0 4 20
0 4 20
0 4 20
0 3 20
1 3 20
0 3 20
1 3 20
1 3 20
1 3 20
0 3 20
0 3 20
0 3 20
0 3 20
0 3 20
0 3 20
0 4 20
0 4 20
0 4 20
0 3 20
0 3 20
0 3 20
0 3 20
0 3 20
0 3 20
0 3 20
0 3 20
0 4 20
0 4 20
0 4 20
0 4 20
0 4 20
0 3 20
0 3 20
0 3 20
0 3 20
0 3 20
0 3 20
0 3 20
0 4 20
0 3 20
1 3 20
1 2 20
0 2 20
0 2 20
0 3 20
0 2 20
0 2 20
0 2 20
0 2 20
0 2 20
0 1 20
0 1 20
0 0 20
0 1 20
0 0 20
0 0 20
0 1 20
0 0 20
1 0 20
1 0 20
1 0 20
1 0 20
1 0 20
2 0 20
3 0 20
3 0 20
3 0 20
4 0 20
4 1 20
4 1 20
5 1 20
5 1 20
4 1 20
4 0 20
4 0 20
4 1 20
4 2 20
4 2 20
4 2 20
4 1 20
3 1 20
3 1 20
3 2 20
3 1 20
3 1 20
3 2 20
3 2 20
3 2 20
2 2 20
2 2 20
2 2 20
3 2 20
3 2 20
2 2 20
3 2 20
3 2 20
3 2 20
3 2 20
4 2 20
4 2 20
5 2 20
5 2 20
5 2 20
5 2 20
5 2 20
5 1 20
5 1 20
5 1 20
5 2 20
5 1 20
5 2 20
5 1 20
5 1 20
5 1 20
5 1 20
4 1 20
4 2 20
4 3 20
4 3 20
4 2 20
4 2 20
4 2 20
3 2 20
3 2 20
3 2 20
3 3 20
3 3 20
3 4 20
2 4 20
2 5 20
1 5 20
1 5 20
2 5 20
2 4 20
2 4 20
2 3 20
2 3 20
2 4 20
1 4 20
1 4 20
1 4 20
1 4 20
1 4 20
0 4 20
0 4 20
0 4 20
0 4 20
0 4 20
0 4 20
0 4 20
0 5 20
0 6 20
0 6 20
0 6 20
0 6 20
1 6 20
1 6 20
2 6 20
3 6 20
3 7 20
4 7 20
5 7 20
5 7 20
5 7 20
5 7 20
5 8 20
5 8 20
5 8 20
5 8 20
5 8 20
5 8 20
5 7 20
5 7 20
5 7 20
5 8 20
5 8 20
5 8 20
5 8 20
5 8 20
5 8 20
5 8 20
5 7 20
5 6 20
5 6 20
5 7 20
5 6 20
5 6 20
5 6 20
5 6 20
5 6 20
6 6 20
6 6 20
6 6 20
6 6 20
6 6 20
7 6 20
6 6 20
6 5 20
6 5 20
6 5 20
5 5 20
6 5 20
6 5 20
5 5 20
5 5 20
5 4 20
5 4 20
6 4 20
6 3 20
6 3 20
7 3 20
7 3 20
7 3 20
7 4 20
7 4 20
7 4 20
7 4 20
7 4 20
7 4 20
7 4 20
7 4 20
7 4 20
7 5 20
7 5 20
6 5 20
6 5 20
6 5 20
5 5 20
5 5 20
5 5 20
5 5 20
5 5 20
4 5 20
4 5 20
4 6 20
3 6 20
3 6 20
3 6 20
3 7 20
3 7 20
3 8 20
2 8 20
2 8 20
2 7 20
2 7 20
2 7 20
1 7 20
0 7 20
0 7 20
0 7 20
0 7 20
0 8 20
0 8 20
0 8 20
1 8 20
1 7 20
1 7 20
2 7 20
3 7 20
4 7 20
4 7 20
4 8 20
4 8 20
4 8 20
5 8 20
5 8 20
5 7 20
5 7 20
4 7 20
4 7 20
4 7 20
4 7 20
3 7 20
3 7 20
3 8 20
3 8 20
3 8 20
3 8 20
3 8 20
3 9 20
4 9 20
4 9 20
4 9 20
4 9 20
4 10 20
4 10 20
3 10 20
3 10 20
3 10 20
3 10 20
2 10 20
2 10 20
2 10 20
2 10 20
2 10 20
2 10 20
2 10 20
2 10 20
2 10 20
2 11 20
2 10 20
1 10 20
1 10 20
1 10 20
0 10 20
0 11 20
1 11 20
1 11 20
1 11 20
1 11 20
1 11 20
1 11 20
1 11 20
0 11 20
0 12 20
0 12 20
0 12 20
0 12 20
0 11 20
0 11 20
0 10 20
0 10 20
0 10 20
0 10 20
0 10 20
0 10 20
0 11 20
0 11 20
0 11 20
0 10 20
0 10 20
0 10 20
0 10 20
0 10 20
0 10 20
0 10 20
0 10 20
0 9 20
0 9 20
0 9 20
0 9 20
0 9 20
0 9 20
0 9 20
0 9 20
0 8 20
0 8 20
0 8 20
0 7 20
0 7 20
0 7 20
0 8 20
0 8 20
0 8 20
0 8 20
0 8 20
0 8 20
0 8 20
0 7 20
1 7 20
1 7 20
1 7 20
0 7 20
0 7 20
1 7 20
1 8 20
1 8 20
1 8 20
1 7 20
0 7 20
1 7 20
1 6 20
1 6 20
1 7 20
1 7 20
2 7 20
2 6 20
2 5 20
2 5 20
3 5 20
3 5 20
3 5 20
3 5 20
4 5 20
4 4 20
4 4 20
4 4 20
4 4 20
4 3 20
4 3 20
4 3 20
3 3 20
3 2 20
3 2 20
3 2 20
3 2 20
3 2 20
3 2 20
3 2 20
2 2 20
2 2 20
1 2 20
1 3 20
2 3 20
2 3 20
2 4 20
2 3 20
3 3 20
3 3 20
3 3 20
3 3 20
3 3 20
2 3 20
2 3 20
3 3 20
3 3 20
3 3 20
3 3 20
3 3 20
3 3 20
3 3 20
3 3 20
3 3 20
3 3 20
3 4 20
2 4 20
1 4 20
1 4 20
2 4 20
1 4 20
1 4 20
1 4 20
1 4 20
1 4 20
1 5 20
1 4 20
1 3 20
1 3 20
2 3 20
2 3 20
3 3 20
3 2 20
3 2 20
3 2 20
3 2 20
3 2 20
3 2 20
3 2 20
3 2 20
3 2 20
3 2 20
3 3 20
3 3 20
3 3 20
3 3 20
3 2 20
3 2 20
2 2 20
2 2 20
3 2 20
4 2 20
5 2 20
5 2 20
5 2 20
5 1 20
5 1 20
5 1 20
5 2 20
4 2 20
4 2 20
4 1 20
4 1 20
3 1 20
3 1 20
3 1 20
2 1 20
2 1 20
2 1 20
1 1 20
1 1 20
1 1 20
1 1 20
1 1 20
1 2 20
1 2 20
2 2 20
2 2 20
2 2 20
2 2 20
2 2 20
2 1 20
2 1 20
2 0 20
3 0 20
3 1 20
3 1 20
3 1 20
3 1 20
3 1 20
4 1 20
4 1 20
4 1 20
4 1 20
3 1 20
3 1 20
3 1 20
3 1 20
3 1 20
3 1 20
3 1 20
3 1 20
3 1 20
3 1 20
3 0 20
3 0 20
3 0 20
2 0 20
2 1 20
2 1 20
2 1 20
2 1 20
2 1 20
2 1 20
1 1 20
1 0 20
2 0 20
2 0 20
2 0 20
2 0 20
2 0 20
2 0 20
2 0 20
1 0 20
1 0 20
1 0 20
1 0 20
1 1 20
1 1 20
1 1 20
1 1 20
0 1 20
0 1 20
0 0 20
0 0 20
0 0 20
1 0 20
1 0 20
1 0 20
1 0 20
1 0 20
1 0 20
1 0 20
1 0 20
1 0 20
1 0 20
0 0 20
0 0 20
0 0 20
0 0 20
0 1 20
0 1 20
0 1 20
0 2 20
0 1 20
0 1 20
0 1 20
0 1 20
0 2 20
0 2 20
0 2 20
0 2 20
0 2 20
0 2 20
0 3 20
0 4 20
0 4 20
0 4 20
0 4 20
0 4 20
0 3 20
0 2 20
0 2 20
0 2 20
0 2 20
0 1 20
0 1 20
0 0 20
0 0 20
1 0 20
2 0 20
1 0 20
1 0 20
1 0 20
1 0 20
1 0 20
2 0 20
1 0 20
0 0 20
1 0 20
2 0 20
3 0 20
3 0 20
3 0 20
4 0 20
4 0 20
4 0 20
4 0 20
4 0 20
4 1 20
5 1 20
5 0 20
5 0 20
5 0 20
5 0 20
5 1 20
5 1 20
5 0 20
5 0 20
6 0 20
6 0 20
6 1 20
5 1 20
5 1 20
5 1 20
5 1 20
5 1 20
4 1 20
4 2 20
4 2 20
4 2 20
4 1 20
4 2 20
4 2 20
3 2 20
3 2 20
3 2 20
3 2 20
3 2 20
3 1 20
3 1 20
3 1 20
3 1 20
3 1 20
3 1 20
3 1 20
3 1 20
3 1 20
3 2 20
3 3 20
3 4 20
3 5 20
3 5 20
3 5 20
2 5 20
2 5 20
3 5 20
3 4 20
3 4 20
3 4 20
3 4 20
3 4 20
4 4 20
4 3 20
4 3 20
4 3 20
4 3 20
4 3 20
5 3 20
5 3 20
6 3 20
6 3 20
6 3 20
6 3 20
6 3 20
6 3 20
6 3 20
5 3 20
5 3 20
5 4 20
5 4 20
4 4 20
4 5 20
4 6 20
4 6 20
4 7 20
4 8 20
4 9 20
4 8 20
4 8 20
4 8 20
3 8 20
3 8 20
4 8 20
4 8 20
4 7 20
4 8 20
4 7 20
4 7 20
4 7 20
4 8 20
4 8 20
4 8 20
4 7 20
4 7 20
3 7 20
3 7 20
3 7 20
3 7 20
3 7 20
3 7 20
4 7 20
5 7 20
5 7 20
5 8 20
4 8 20
4 8 20
4 8 20
4 9 20
4 10 20
4 10 20
4 11 20
4 10 20
4 10 20
5 10 20
4 10 20
4 10 20
4 10 20
4 10 20
5 10 20
5 10 20
5 10 20
5 11 20
6 11 20
5 11 20
5 11 20
5 11 20
5 11 20
5 11 20
4 11 20
4 11 20
4 11 20
4 12 20
4 12 20
4 13 20
4 13 20
4 13 20
4 13 20
4 12 20
4 13 20
4 12 20
4 12 20
4 11 20
4 11 20
4 11 20
4 11 20
4 11 20
4 11 20
3 11 20
3 10 20
3 10 20
3 10 20
3 10 20
3 10 20
3 10 20
3 10 20
2 10 20
3 10 20
3 10 20
3 10 16
3 10 16
3 10 16
3 10 16
3 10 16
3 9 16
3 9 16
3 8 16
3 8 16
3 7 16
3 6 16
3 6 16
3 6 16
3 6 16
3 6 16
3 6 16
3 7 16
3 6 16
3 6 16
3 6 16
2 6 16
1 6 16
1 6 16
1 6 16
1 6 16
1 5 16
2 5 16
1 5 16
1 5 16
1 5 16
1 5 16
1 4 16
1 4 16
1 3 16
0 3 16
0 3 16
0 3 16
0 3 16
0 2 16
0 2 16
0 2 16
0 2 16
0 3 16
0 2 16
0 3 16
0 3 16
0 4 16
0 4 16
1 4 16
1 5 16
1 5 16
1 5 16
1 6 16
2 6 16
2 6 16
2 7 16
2 8 16
2 8 16
2 8 16
2 9 16
2 10 16
2 10 16
2 10 16
2 10 16
2 9 16
3 9 16
3 8 16
3 9 16
4 9 16
4 9 16
4 9 16
4 9 16
4 9 16
4 9 16
4 9 16
4 9 16
4 9 16
4 8 16
5 8 16
5 8 16
4 8 16
5 8 16
5 8 16
4 8 16
4 9 16
4 10 16
4 10 16
4 9 16
3 9 16
3 9 16
3 9 16
3 10 16
3 10 16
3 10 16
2 10 16
2 10 16
1 10 16
1 10 16
1 10 16
2 10 16
2 11 16
2 11 16
2 10 16
3 10 16
2 10 16
2 10 16
2 11 16
2 11 16
2 11 16
2 11 16
2 11 16
2 11 16
3 11 16
3 11 16
3 11 16
3 11 16
3 11 16
3 11 16
3 11 16
3 11 16
3 11 16
3 11 16
3 10 16
3 10 16
3 10 16
3 10 16
3 10 16
3 10 16
4 10 16
4 11 16
4 12 16
4 12 16
4 13 16
4 14 16
5 14 16
5 14 16
5 15 16
5 15 16
5 15 16
5 15 16
5 15 16
5 15 16
4 15 16
5 15 16
5 16 16
5 17 16
5 17 16
5 17 16
5 18 16
5 18 16
5 18 16
5 18 16
4 18 16
4 18 16
5 18 16
5 17 16
5 18 16
5 18 16
6 18 16
7 18 16
7 17 16
7 17 16
7 17 16
7 17 16
6 17 16
6 17 16
6 17 16
6 17 16
6 17 16
6 17 16
6 16 16
5 16 16
5 16 16
5 16 16
5 16 16
6 16 16
6 15 16
6 16 16
6 16 16
5 16 16
5 15 16
6 15 16
6 15 16
7 15 16
7 15 16
7 15 16
7 15 16
7 15 16
7 16 16
7 16 16
7 16 16
7 16 16
7 16 16
8 16 16
7 16 16
6 16 16
7 16 16
6 16 16
6 16 16
6 16 16
6 16 16
6 15 16
6 15 16
6 15 16
6 14 16
5 14 16
5 14 16
5 14 16
4 14 16
5 14 16
6 14 16
6 14 16
6 14 16
6 14 16
6 14 16
7 14 16
7 14 16
8 14 16
8 14 16
8 13 16
8 14 16
9 14 16
9 14 16
9 14 16
9 14 16
8 14 16
8 14 16
8 14 16
8 13 16
8 14 16
8 14 16
8 14 16
8 14 16
8 14 16
8 13 16
8 13 16
7 13 16
7 13 16
6 13 16
6 13 16
6 14 16
6 14 16
6 15 16
7 15 16
7 16 16
7 16 16
7 16 16
7 16 16
7 16 16
7 16 16
7 16 16
7 15 16
7 15 16
6 15 16
6 15 16
6 16 16
6 16 16
6 15 16
6 14 16
6 13 16
5 13 16
5 13 16
5 13 16
5 13 16
5 13 16
6 13 16
6 12 16
6 12 16
6 11 16
6 11 16
6 11 16
6 11 16
6 11 16
6 10 16
6 11 16
6 11 16
7 11 16
7 10 16
7 11 16
8 11 16
8 11 16
8 11 16
8 10 16
8 10 16
7 10 16
7 10 16
7 10 16
7 10 16
7 10 16
7 10 16
7 9 16
7 10 16
7 10 16
7 10 16
6 10 16
6 10 16
6 11 16
6 11 16
6 11 16
6 11 16
6 11 16
6 11 16
5 11 16
6 11 16
6 11 16
6 11 16
6 11 16
6 11 16
6 11 16
5 11 16
5 10 16
5 10 16
5 10 16
5 10 16
5 10 16
6 10 16
7 10 16
7 10 16
7 10 16
6 10 16
6 10 16
5 10 16
5 10 16
5 10 16
6 10 16
6 10 16
6 10 16
6 9 16
7 9 16
7 9 16
8 9 16
8 9 10 0
10 1 20
11 1 20
11 1 20
11 2 20
11 1 20
11 1 20
11 1 20
11 1 20
11 1 20
11 2 20
11 2 20
11 2 20
11 2 20
11 3 20
11 3 20
11 3 20
11 3 20
12 3 20
12 4 20
11 4 20
11 4 20
11 4 20
11 5 20
11 5 20
11 5 20
11 5 20
11 5 20
11 5 20
11 4 20
11 5 20
11 5 20
11 5 20
11 4 20
11 4 20
11 4 20
11 3 20
10 3 20
10 3 20
10 2 20
10 2 20
10 2 20
10 1 20
10 1 20
10 0 20
10 1 20
10 1 20
10 1 20
11 1 20
11 0 20
10 0 20
10 0 20
9 0 20
9 0 20
9 0 20
9 0 20
9 0 20
9 0 20
8 0 20
8 0 20
8 0 20
8 0 20
8 0 20
7 0 20
7 0 20
7 0 20
7 0 20
8 0 20
8 0 20
9 0 20
9 0 20
9 0 20
9 0 20
9 1 20
9 1 20
8 1 20
8 2 20
8 1 20
8 2 20
8 2 20
8 2 20
8 2 20
8 2 20
8 2 20
8 2 20
8 2 20
8 2 20
8 1 20
8 1 20
8 1 20
8 1 20
8 1 20
8 1 20
8 1 20
8 0 20
8 0 20
8 0 20
8 0 20
8 0 20
8 0 20
8 0 20
8 0 20
8 0 20
8 0 20
8 0 20
8 0 20
7 0 20
7 0 20
7 1 20
7 1 20
8 1 20
8 1 20
8 0 20
7 0 20
7 0 20
7 0 20
7 0 20
7 0 20
7 0 20
7 0 20
7 0 20
7 0 20
7 0 20
7 0 20
7 0 20
7 0 20
7 0 20
7 0 20
7 0 20
7 1 20
7 1 20
7 1 20
7 2 20
8 2 20
8 2 20
9 2 20
9 2 20
9 1 20
9 1 20
9 1 20
9 2 20
8 2 20
8 3 20
9 3 20
9 3 20
9 3 20
9 4 20
9 5 20
10 5 20
9 5 20
10 5 20
10 5 20
10 5 20
10 5 20
10 5 20
10 5 20
9 5 20
9 6 20
9 6 20
9 7 20
10 7 20
10 6 20
10 6 20
10 6 20
10 6 20
10 7 20
10 7 20
10 7 20
10 7 20
10 7 20
11 7 20
11 6 20
11 6 20
11 6 20
11 6 20
11 6 20
11 5 20
11 4 20
11 4 20
11 3 20
11 4 20
11 5 20
11 5 20
10 5 20
10 5 20
10 5 20
11 5 20
11 5 20
12 5 20
12 5 20
12 4 20
12 4 20
11 4 20
10 4 20
10 4 20
10 4 20
10 3 20
10 4 20
10 4 20
9 4 20
9 4 20
8 4 20
8 4 20
8 3 20
8 3 20
8 2 20
8 1 20
8 1 20
7 1 20
7 1 20
7 1 20
7 2 20
8 2 20
8 2 20
8 2 20
7 2 20
6 2 20
5 2 20
4 2 20
3 2 20
3 2 20
3 2 20
3 1 20
3 0 20
3 0 20
3 1 20
3 0 20
3 0 20
2 0 20
2 0 20
3 0 20
3 0 20
3 0 20
3 1 20
3 1 20
3 1 20
3 1 20
3 2 20
3 2 20
3 2 20
4 2 20
4 3 20
4 3 20
4 3 20
3 3 20
3 3 20
3 3 20
3 3 20
3 3 20
2 3 20
2 3 20
2 3 20
2 4 20
2 5 20
2 5 20
2 5 20
2 6 20
3 6 20
3 6 20
3 5 20
3 5 20
3 5 20
3 5 20
3 5 20
3 5 20
2 5 20
3 5 20
3 4 20
4 4 20
4 4 20
4 4 20
4 4 20
4 4 20
4 4 20
4 4 20
3 4 20
4 4 20
4 4 20
5 4 20
5 4 20
5 4 20
5 4 20
5 4 20
5 4 20
5 4 20
5 4 20
5 3 20
5 4 20
6 4 20
6 4 20
6 4 20
6 4 20
6 3 20
6 3 20
6 3 20
6 2 20
6 2 20
6 3 20
6 3 20
6 4 20
6 4 20
6 4 20
5 4 20
5 4 20
5 3 20
6 3 20
6 3 20
6 4 20
6 4 20
6 5 20
7 5 20
7 5 20
8 5 20
8 5 20
8 4 20
8 4 20
8 5 20
8 5 20
8 5 20
8 5 20
8 5 20
7 5 20
8 5 20
8 4 20
8 4 20
7 4 20
7 4 20
7 4 20
7 5 20
7 5 20
7 5 20
7 5 20
7 5 20
7 6 20
7 6 20
7 7 20
7 7 20
7 7 20
8 7 20
7 7 20
7 7 20
7 7 20
7 6 20
7 6 20
6 6 20
6 5 20
7 5 20
7 5 20
7 5 20
8 5 20
8 5 20
8 5 20
8 5 20
8 5 20
8 5 20
8 4 20
8 3 20
7 3 20
7 3 20
8 3 20
8 3 20
8 3 20
9 3 20
9 3 20
8 3 20
8 3 20
8 4 20
7 4 20
7 4 20
7 4 20
7 4 20
7 4 20
7 4 20
7 3 20
7 3 20
8 3 20
8 3 20
8 3 20
8 3 20
8 3 20
8 3 20
8 3 20
8 3 20
8 3 20
8 4 8
8 4 8
8 4 8
8 4 2 1
5 0 30
5 0 30
4 0 30
4 0 30
4 1 30
4 1 30
3 1 30
3 1 30
3 1 30
3 1 30
3 1 30
4 1 30
4 2 30
4 2 30
4 2 30
4 2 30
5 2 30
5 1 30
5 1 30
5 1 30
5 1 30
6 1 30
6 1 30
6 1 30
6 1 30
6 1 30
6 1 30
6 1 30
6 1 30
6 1 30
6 1 30
5 1 30
6 1 30
6 1 30
6 1 30
6 1 30
6 1 30
6 1 30
6 1 30
6 1 30
6 1 30
6 1 30
5 1 30
5 2 30
6 2 30
6 1 30
6 1 30
6 1 30
6 1 30
6 1 30
6 1 30
6 1 30
6 1 30
6 1 30
6 1 30
6 2 30
5 2 30
5 3 30
5 3 30
5 2 30
5 1 30
5 1 30
5 1 30
5 1 30
5 1 30
5 1 30
5 0 30
6 0 30
6 0 30
7 0 30
7 0 30
7 0 30
7 0 30
7 0 30
7 0 30
7 0 30
7 0 30
7 0 30
6 0 30
6 0 30
6 0 30
6 0 30
6 1 30
6 1 30
6 0 30
6 0 30
7 0 30
7 0 30
7 0 30
7 0 30
7 0 30
7 0 30
6 0 30
6 1 30
6 0 30
6 0 30
6 0 30
7 0 30
7 0 30
6 0 30
6 0 30
6 0 30
6 0 30
6 0 30
6 0 30
6 0 30
6 0 30
6 0 30
6 0 30
6 0 30
6 0 30
5 0 30
5 0 30
5 0 30
5 1 30
6 1 30
6 1 30
6 1 30
6 0 30
6 0 30
6 0 30
5 0 30
5 1 30
5 1 30
5 0 30
5 0 30
5 0 30
5 0 30
4 0 30
3 0 30
3 1 30
3 0 30
3 1 30
3 1 30
3 2 30
3 1 30
3 1 30
3 1 30
4 1 30
3 1 30
3 1 30
3 1 30
3 1 30
3 1 30
2 1 30
2 1 30
2 2 30
1 2 30
1 1 30
1 2 30
1 3 30
1 3 30
1 2 30
1 2 30
1 1 30
1 1 30
1 2 30
1 2 30
0 2 30
0 1 30
0 1 30
0 1 30
0 1 30
0 1 30
1 1 30
2 1 30
1 1 30
1 2 30
1 2 30
1 2 30
2 2 30
1 2 30
2 2 30
2 1 30
2 1 30
2 1 30
2 1 30
2 1 30
3 1 30
3 1 30
3 1 30
3 1 30
2 1 30
2 1 30
2 1 30
1 1 30
1 1 30
0 1 30
0 1 30
0 1 30
0 0 30
0 0 30
0 0 30
0 0 30
0 0 30
0 1 30
0 1 30
0 1 30
0 1 30
0 2 30
0 2 30
0 1 30
0 2 30
0 2 30
0 2 30
0 2 30
0 2 30
0 2 30
0 3 30
0 4 30
0 4 30
0 5 30
0 4 30
0 5 30
0 5 30
0 5 30
0 6 30
0 6 30
0 6 30
0 6 30
1 6 30
1 6 30
0 6 30
0 7 30
0 7 30
0 7 30
0 7 30
1 7 30
1 7 30
1 8 30
1 8 30
1 7 30
1 6 30
2 6 30
2 5 30
2 5 30
2 4 30
2 3 30
2 3 30
1 3 30
2 3 30
2 3 30
2 3 30
2 2 30
2 2 30
2 2 30
2 2 30
2 1 30
2 1 30
3 1 30
3 0 30
3 0 30
4 0 30
4 0 27
4 0 24
3 0 21
4 0 18
4 0 15
4 0 12
4 0 9
4 0 6
5 0 3 1
11 0 30
11 0 30
11 0 30
11 0 30
11 0 30
11 0 30
11 0 30
11 0 30
11 0 30
11 0 30
11 0 30
11 0 30
11 0 30
11 1 30
11 1 30
12 1 30
12 1 30
12 1 30
11 1 30
11 0 30
11 0 30
11 0 30
11 0 30
11 0 30
11 0 30
11 0 30
11 0 30
12 0 30
13 0 30
13 0 30
13 1 30
14 1 30
14 1 30
14 1 30
14 0 30
14 0 30
14 1 30
14 1 30
14 1 30
14 0 30
14 0 30
14 0 30
13 0 30
13 0 30
13 0 30
12 0 30
12 0 30
12 0 30
12 0 30
12 0 30
12 0 30
12 0 30
13 0 30
13 0 30
12 0 30
11 0 30
11 0 30
11 0 30
12 0 30
13 0 30
13 0 30
14 0 30
14 0 30
14 1 30
13 1 30
12 1 30
12 2 30
12 1 30
12 2 30
12 2 30
12 2 30
12 3 30
12 3 30
12 3 30
12 3 30
12 3 30
12 4 30
12 4 30
12 5 30
12 5 30
12 5 30
12 6 30
13 6 30
14 6 30
14 6 30
15 6 30
15 6 30
15 6 30
14 6 30
14 6 30
14 6 30
14 6 30
14 6 30
14 6 30
14 6 30
14 5 30
14 4 30
14 4 30
14 4 30
14 4 30
14 4 30
14 4 30
15 4 30
15 4 30
15 4 30
15 3 30
15 3 30
15 3 30
15 3 30
15 3 30
15 3 30
15 2 30
15 3 30
15 2 30
15 2 30
15 1 30
15 1 30
15 2 30
15 1 30
15 0 30
15 1 30
14 1 30
14 1 30
14 1 30
14 2 30
15 2 30
15 2 30
15 2 30
15 2 30
15 2 30
14 2 30
14 3 30
13 3 30
13 3 30
13 4 30
13 4 30
14 4 30
13 4 30
13 4 30
13 5 30
13 5 30
13 5 30
13 4 30
12 4 30
12 4 30
12 3 30
12 3 30
12 3 30
12 4 30
11 4 30
11 4 30
11 4 30
11 3 30
11 2 30
11 2 30
11 2 30
11 2 30
11 2 30
11 2 30
11 2 30
11 1 30
10 1 30
10 1 30
10 1 30
10 2 30
10 1 30
10 1 30
10 1 30
10 1 30
10 2 30
9 2 30
9 2 30
9 2 30
9 2 30
8 2 30
8 1 30
8 0 30
7 0 30
7 0 30
7 0 30
7 0 30
7 0 30
8 0 30
8 0 30
8 1 30
9 1 30
9 0 30
9 0 30
9 0 30
9 0 30
8 0 30
7 0 30
6 0 30
6 1 30
6 1 30
6 0 30
6 0 30
6 0 30
5 0 30
5 0 30
4 0 30
5 0 30
5 1 30
5 2 30
5 2 30
6 2 30
6 1 30
6 1 30
6 0 30
7 0 30
7 0 30
7 0 30
7 0 30
7 0 30
6 0 30
6 0 30
6 0 30
6 0 30
6 0 30
6 1 30
6 1 30
6 1 30
6 1 30
5 1 30
5 0 30
5 0 30
5 0 30
4 0 30
4 0 30
5 0 30
5 0 30
5 0 30
5 1 30
4 1 30
4 1 30
4 1 30
4 1 30
4 1 30
4 1 30
4 1 30
4 2 30
4 2 30
3 2 30
3 2 30
3 2 30
3 2 30
3 2 30
4 2 30
4 2 30
3 2 30
3 2 30
3 1 30
3 1 30
3 1 30
3 2 30
3 3 30
4 3 30
4 3 30
4 3 30
4 3 30
4 3 30
4 3 30
4 3 30
4 3 30
4 3 30
4 3 30
3 3 30
3 4 30
3 4 30
3 4 30
3 4 30
2 4 30
3 4 30
2 4 30
1 4 30
1 4 30
1 4 30
1 3 30
1 4 30
1 4 30
1 3 30
1 3 30
1 3 30
1 3 30
1 3 30
1 3 30
1 3 30
1 3 30
1 4 30
1 4 30
1 4 30
1 4 30
1 4 30
0 4 30
0 4 30
0 4 30
0 4 30
0 4 30
0 4 30
0 5 30
0 5 30
0 5 30
0 4 30
0 4 30
1 4 30
1 4 30
0 4 30
0 3 30
0 3 30
0 3 30
0 3 30
0 3 30
0 4 30
0 4 30
0 4 30
0 4 30
0 4 30
0 4 30
0 5 30
0 6 30
0 6 30
0 6 30
0 6 30
0 6 30
1 6 30
2 6 30
2 6 30
2 6 30
1 6 30
1 7 30
1 7 30
1 8 30
1 8 30
1 8 30
1 9 30
0 9 26
1 9 22
1 9 22
1 9 18
1 9 14
1 10 14
2 10 14
2 10 14
2 9 10
2 9 10
2 9 10
2 10 10
2 10 10
2 10 10
2 10 10
1 10 10
1 10 10
1 11 10
2 11 10
2 11 10
2 11 10
3 11 10
3 11 10
3 11 10
3 11 10
3 11 10
3 11 10
3 11 10
3 11 10
3 11 10
3 11 10
3 10 10
3 11 10
3 11 10
3 11 10
3 10 10
4 10 10
4 10 10
4 10 10
4 11 10
4 10 10
5 10 10
5 10 10
5 10 10
5 10 10
5 11 10
5 11 10
4 11 10
4 11 6
4 10 6
4 10 6
4 10 6
4 10 6
5 10 6
5 11 6
5 11 6
5 10 6
5 10 6
5 11 6
6 11 6
6 12 6
7 12 6
7 12 6
8 12 6
8 13 6
7 13 6
7 13 6
7 13 6
7 13 6
7 13 6
7 13 6
6 13 6
6 14 6
6 13 6
6 13 6
6 13 6
7 13 6
6 13 6
6 14 6
6 14 6
6 13 6
7 13 6
7 13 6
6 13 6
6 13 6
6 14 6
7 14 6
6 14 6
5 14 6
4 14 6
3 14 6
3 15 6
3 15 6
3 15 2 1
8 19 25
8 19 25
8 19 25
8 19 25
8 19 25
8 19 25
8 19 25
7 19 25
8 19 25
8 18 25
8 18 25
8 18 25
8 19 25
8 19 25
8 18 25
8 18 25
8 18 25
8 18 25
8 18 25
7 18 25
6 18 25
6 18 25
5 18 25
5 18 25
5 18 25
5 17 25
4 17 25
4 16 25
4 16 25
4 16 25
4 16 25
4 16 25
4 15 25
4 15 25
5 15 25
6 15 25
6 14 25
6 14 25
7 14 25
8 14 25
8 14 25
8 14 25
8 13 25
8 14 25
8 14 25
8 14 25
8 14 25
8 14 25
8 13 25
8 13 25
8 13 25
7 13 25
7 13 25
7 12 25
8 12 25
8 11 25
8 12 25
7 12 25
7 13 25
7 13 25
7 14 25
8 14 25
8 15 25
8 15 25
8 14 25
8 14 25
8 15 25
8 15 25
8 15 25
8 15 25
8 15 25
8 15 25
8 15 25
9 15 25
9 16 25
9 17 25
10 17 25
10 17 25
10 17 25
10 18 25
9 18 25
9 18 25
9 18 25
9 18 25
9 18 25
9 18 25
9 18 25
10 18 25
10 18 25
10 17 25
10 17 25
10 17 25
10 17 25
10 18 25
10 17 25
10 17 25
11 17 25
11 17 25
11 18 25
11 18 25
12 18 25
12 18 25
12 18 25
11 18 25
11 18 25
11 18 25
11 18 25
10 18 25
10 19 25
10 19 25
10 19 25
10 19 25
10 19 25
10 19 25
10 19 25
10 19 25
11 19 25
12 19 25
12 19 25
12 19 25
11 19 25
12 19 25
13 19 25
13 19 25
13 19 25
12 19 25
12 19 25
13 19 25
13 18 25
13 18 25
12 18 25
12 18 25
12 18 25
12 18 25
11 18 25
11 18 25
11 18 25
11 18 25
11 19 25
11 18 25
11 17 25
11 17 25
12 17 25
12 18 25
12 18 25
11 18 25
11 18 25
11 18 25
11 18 25
11 18 25
11 18 25
11 18 25
12 18 25
13 18 25
13 18 25
12 18 25
12 18 25
11 18 25
12 18 25
12 18 25
13 18 25
13 17 25
12 17 25
12 16 25
11 16 25
11 15 25
11 15 25
11 15 25
11 15 25
11 15 25
11 16 25
11 16 25
11 16 25
10 16 25
9 16 25
9 16 25
9 16 25
9 16 25
9 16 25
9 16 25
9 16 25
9 16 25
9 16 25
9 16 25
8 16 25
8 16 25
8 15 25
8 16 25
8 16 25
8 15 25
8 15 25
7 15 25
7 15 25
7 15 25
7 16 25
7 16 25
7 15 25
7 15 25
7 15 25
6 15 25
6 16 25
6 16 25
6 16 25
6 17 25
6 17 25
6 17 25
6 17 25
6 17 25
6 17 25
6 18 25
6 18 25
7 18 25
7 18 25
8 18 25
8 18 25
7 18 25
8 18 25
8 18 25
8 18 25
8 19 25
8 19 25
8 18 25
8 18 25
8 18 25
8 18 25
9 18 25
9 17 25
9 17 25
9 17 25
9 17 25
9 18 25
9 18 25
9 18 25
9 17 25
10 17 25
10 18 25
9 18 25
9 19 25
9 19 25
9 19 25
9 19 25
9 19 25
9 19 25
9 19 25
9 19 25
9 19 25
9 19 25
9 19 25
9 19 25
9 19 25
9 19 25
8 19 25
7 19 25
7 19 25
7 18 25
7 18 25
7 18 25
8 18 25
9 18 25
9 18 25
9 18 25
9 19 25
9 19 25
9 19 25
9 19 25
9 19 25
9 19 25
9 19 25
9 19 25
9 19 25
10 19 25
11 19 25
11 19 25
11 19 25
11 19 25
11 19 25
11 18 25
11 19 25
11 19 25
11 19 25
11 19 25
11 19 25
11 19 25
11 19 25
10 19 25
10 18 25
10 19 25
11 19 25
10 19 25
11 19 25
11 19 25
11 19 25
11 19 25
11 19 25
11 19 25
11 19 25
11 19 25
11 19 25
11 19 25
11 19 25
11 19 25
11 19 25
11 19 25
11 18 25
11 18 25
11 19 25
11 19 25
12 19 25
12 19 25
12 19 25
12 19 25
12 19 25
12 19 25
12 19 25
11 19 25
11 19 25
11 19 25
11 18 25
11 18 25
11 18 25
11 18 25
11 17 25
11 18 25
11 18 25
11 18 25
11 18 25
11 18 25
11 19 25
11 19 25
11 19 25
11 19 25
11 19 25
11 19 25
10 19 25
10 19 25
11 19 25
12 19 25
12 19 25
11 19 25
11 19 25
10 19 25
10 19 25
10 19 25
9 19 25
9 19 25
9 19 25
9 19 25
9 19 25
9 19 25
8 19 25
8 19 25
8 19 25
8 19 25
8 18 25
8 18 25
8 18 25
8 18 25
8 18 25
8 19 25
7 19 25
7 19 25
7 18 21
7 18 17
7 18 13
7 19 13
7 19 13
7 19 13
7 19 13
7 19 13
8 19 13
8 19 13
8 18 13
7 18 13
6 18 13
6 18 9
6 18 5
7 18 1
8 18 1
8 18 1 1
8 16 35
8 17 35
8 18 35
8 18 35
9 18 35
9 18 35
10 18 35
10 18 35
10 18 35
10 18 35
9 18 35
9 17 35
9 17 35
9 17 35
9 17 35
9 17 35
9 17 35
9 17 35
9 17 35
9 17 35
9 17 35
9 17 35
9 17 35
9 17 35
9 17 35
8 17 35
8 17 35
8 17 35
8 17 35
8 17 35
8 17 35
7 17 35
8 17 35
8 16 35
8 17 35
7 17 35
7 18 35
7 19 35
6 19 35
6 19 35
6 19 35
6 19 35
6 19 35
6 18 35
6 18 35
6 18 35
6 18 35
6 18 35
6 18 35
6 19 35
5 19 35
5 19 35
5 19 35
5 19 35
6 19 35
6 19 35
5 19 35
5 19 35
5 19 35
5 19 35
6 19 35
5 19 35
5 19 35
5 19 35
5 19 35
5 19 35
5 19 35
5 18 35
5 17 35
6 17 35
6 16 35
6 15 35
6 15 35
5 15 35
5 15 35
5 16 35
5 15 35
5 15 35
5 15 35
5 15 35
5 15 35
5 14 35
5 14 35
5 15 35
4 15 35
4 15 35
4 15 35
5 15 35
5 16 35
4 16 35
4 16 35
4 16 35
3 16 35
3 16 35
3 15 35
2 15 35
2 15 35
2 15 35
2 15 35
2 14 35
2 14 35
3 14 35
4 14 35
4 14 35
4 14 35
4 14 35
3 14 35
3 15 35
3 15 35
3 15 35
3 15 35
3 14 35
3 15 35
3 14 35
4 14 35
4 13 35
4 13 35
4 14 35
4 14 35
5 14 35
5 13 35
5 13 35
4 13 35
4 13 35
4 13 35
4 13 35
4 13 35
4 13 35
4 14 35
4 13 35
4 12 35
4 12 35
3 12 35
3 11 35
3 11 35
3 11 35
3 10 35
2 10 35
2 10 35
3 10 35
3 10 35
3 10 35
4 10 35
3 10 35
3 10 35
2 10 35
2 10 35
1 10 35
1 10 35
1 10 35
1 11 35
1 11 35
1 12 35
1 12 35
1 12 35
1 11 35
1 11 35
1 11 35
1 10 35
1 10 35
1 10 35
2 10 35
2 9 35
2 9 35
2 9 35
2 9 35
2 9 35
3 9 35
3 9 35
3 9 35
3 9 35
3 9 35
3 8 35
4 8 35
3 8 34
4 8 34
4 8 34
4 7 34
4 7 34
4 7 34
4 7 34
5 7 34
6 7 34
6 7 34
6 6 33
7 6 33
7 6 33
7 6 33
7 5 33
7 5 33
6 5 33
6 5 33
6 5 33
7 5 33
7 5 33
7 5 33
7 5 33
7 5 33
7 5 33
7 6 33
7 6 33
7 6 32
6 6 31
6 6 31
6 7 30
7 7 29
7 7 29
7 8 29
8 8 29
8 8 29
9 8 29
9 8 29
9 7 29
9 7 29
9 6 29
10 6 29
10 5 29
10 5 29
10 5 29
10 5 29
9 5 29
9 4 29
9 4 29
9 4 29
9 4 29
9 4 29
10 4 29
10 4 29
10 4 29
10 4 29
10 3 29
10 3 29
10 2 29
10 1 29
10 0 29
10 0 29
10 0 29
9 0 29
9 1 29
9 1 29
10 1 29
9 1 29
9 1 29
9 1 29
9 1 29
10 1 29
9 1 29
9 1 29
8 1 29
7 1 29
6 1 29
5 1 29
4 1 29
4 1 28
4 1 26
3 1 24
4 1 23
4 1 23
4 1 22
4 1 21
4 1 20
5 1 19
5 1 19
5 1 19
6 1 19
6 0 19
6 1 19
6 1 19
6 0 19
6 0 19
6 0 19
6 0 19
6 0 19
6 0 19
5 0 19
5 1 19
5 1 19
5 1 19
5 2 19
5 1 19
5 1 19
5 2 19
4 2 19
4 1 19
4 0 19
4 0 19
4 1 19
4 0 19
5 0 19
5 0 19
5 0 19
5 0 19
5 0 19
5 0 19
5 0 19
6 0 19
6 0 19
6 0 19
6 0 19
6 0 19
6 0 19
6 0 19
6 0 19
6 0 19
6 0 19
6 0 19
6 0 19
6 0 19
6 0 19
6 1 19
6 1 19
6 0 19
6 0 19
6 0 19
6 0 19
6 0 19
6 1 19
7 1 19
7 1 19
7 2 19
6 2 19
7 2 19
7 2 19
7 2 19
7 2 19
7 2 19
7 2 19
8 2 19
8 2 19
8 2 19
7 2 19
7 1 19
7 1 19
7 1 19
7 1 19
8 1 19
8 1 19
8 0 19
9 0 19
9 0 19
9 0 19
9 0 19
9 0 19
9 1 19
9 0 19
9 0 19
9 0 19
9 0 19
9 0 19
10 0 19
10 0 19
10 0 19
10 0 19
9 0 19
9 0 19
10 0 19
9 0 19
9 0 19
9 0 19
10 0 19
10 0 19
10 0 19
10 0 19
9 0 19
9 0 19
9 0 19
9 0 19
9 1 19
9 1 19
9 1 19
9 1 19
9 1 19
9 1 19
9 1 19
9 1 19
9 1 19
9 1 19
9 1 19
8 1 19
8 1 19
8 1 19
8 2 19
8 2 18
8 2 18
8 2 17
8 3 17
8 3 17
8 4 16
8 4 16
8 4 16
8 4 16
8 4 16
8 4 16
8 5 16
8 5 16
8 6 16
9 6 16
9 6 16
9 6 16
9 6 16
9 7 16
9 7 16
9 8 16
8 8 16
8 8 16
8 7 16
8 6 16
8 6 16
8 6 16
8 6 16
8 5 16
9 5 16
9 6 16
9 6 16
9 5 16
9 6 16
9 5 16
9 5 16
9 5 16
9 5 16
8 5 16
7 5 16
7 5 16
7 5 16
7 5 16
7 5 16
7 5 16
7 6 16
7 7 16
7 7 16
7 7 16
8 7 16
8 7 16
8 7 16
9 7 16
9 7 16
9 7 16
9 7 16
10 7 16
9 7 16
9 8 16
9 7 16
9 6 16
9 6 16
9 7 16
9 7 16
9 8 16
8 8 16
8 8 16
8 8 16
8 8 16
9 8 16
9 8 16
9 8 16
9 8 16
10 8 16
10 8 16
10 8 16
9 8 16
9 8 16
9 8 16
9 8 16
9 8 16
9 8 16
9 8 16
8 8 16
8 8 16
8 9 16
8 9 16
9 9 16
9 10 16
9 10 16
8 10 16
7 10 16
7 11 16
7 11 16
6 11 16
6 12 16
6 11 16
6 11 16
7 11 16
7 12 16
7 12 16
7 11 16
7 11 16
7 11 16
7 11 16
7 11 16
7 11 16
7 11 16
7 10 16
7 10 16
8 10 16
8 11 16
8 11 16
9 11 16
9 11 16
9 11 16
9 11 16
9 11 16
9 11 16
9 11 16
9 10 16
9 10 16
9 11 16
9 11 16
9 11 16
8 11 16
7 11 16
8 11 16
8 11 16
8 11 16
8 11 16
8 12 16
8 12 16
8 12 16
8 12 16
8 12 16
8 11 16
8 10 16
7 10 16
7 10 16
7 9 16
8 9 16
8 9 16
8 9 16
8 8 16
8 8 16
8 8 16
8 8 16
8 8 16
9 8 16
9 8 16
9 8 16
9 7 16
9 7 16
9 7 16
9 7 16
9 7 16
9 7 16
9 7 16
9 7 16
9 7 16
9 7 16
9 7 16
9 7 16
9 7 16
9 8 16
10 8 16
10 8 16
10 8 16
10 8 16
10 8 16
10 8 16
10 8 16
10 7 16
11 7 16
11 7 16
11 8 16
11 9 16
11 10 16
11 10 16
11 9 16
11 8 16
11 8 16
10 8 16
10 9 16
10 10 16
10 10 16
10 11 16
11 11 16
12 11 16
12 11 16
12 11 16
13 11 16
12 11 16
11 11 16
11 11 16
11 10 16
11 10 16
11 10 16
11 10 16
11 10 16
11 10 16
11 10 16
11 10 16
11 11 16
11 12 16
11 11 16
11 10 16
11 10 16
11 10 16
11 10 16
11 10 16
11 11 16
10 11 16
10 11 16
10 11 16
10 11 16
10 10 16
9 10 16
9 9 16
10 9 16
9 9 16
8 9 16
8 9 16
8 9 16
8 9 16
8 9 16
8 8 16
9 8 16
9 7 16
9 7 16
9 7 16
9 7 16
9 7 16
9 7 16
8 7 16
8 6 16
8 5 16
7 5 16
7 6 16
6 6 16
6 6 16
6 7 16
6 7 16
6 6 16
6 6 16
6 6 16
6 7 16
6 7 16
6 8 16
6 7 16
6 7 16
5 7 16
5 8 16
5 8 16
5 8 16
5 9 16
5 10 16
5 10 16
5 10 16
5 10 16
5 10 16
5 10 16
5 10 16
5 10 16
5 11 16
5 11 16
5 12 16
6 12 16
6 12 16
5 12 16
5 12 16
5 12 16
5 12 16
5 12 16
5 12 16
5 12 16
5 12 16
5 12 16
5 12 16
5 11 16
6 11 16
6 11 16
6 11 16
6 11 16
6 11 16
6 10 16
6 10 16
6 10 16
5 10 16
5 9 16
5 9 16
5 9 16
5 9 16
5 9 16
5 9 16
5 9 16
5 9 16
4 9 16
4 9 16
4 9 16
4 9 16
4 8 16
4 8 16
5 8 16
5 7 16
5 7 16
5 8 16
5 8 16
5 9 16
5 9 16
5 10 16
5 10 16
5 11 16
5 10 16
5 10 16
5 9 16
4 9 16
3 9 16
3 9 16
2 9 16
2 9 16
2 9 16
2 10 16
2 9 16
2 9 16
2 8 16
2 8 16
3 8 16
3 8 16
3 8 16
2 8 16
2 8 16
2 8 16
2 8 16
2 8 16
2 8 16
2 8 16
1 8 16
0 8 15
0 8 15
0 8 14
0 8 13
1 8 12
0 8 11
0 9 10
0 9 10
0 8 10
0 9 9
0 8 9
0 9 9
1 9 9
2 9 9
2 9 9
2 9 9
1 9 9
1 9 9
1 10 9
1 11 9
1 11 9
1 11 9
2 11 9
2 11 9
2 11 9
1 11 9
1 11 9
1 11 9
1 11 9
1 11 9
1 11 9
0 11 9
0 11 9
0 11 9
0 11 9
0 11 9
0 11 9
1 11 9
2 11 9
2 11 9
3 11 9
3 11 9
3 11 9
3 11 9
3 11 9
3 11 9
3 11 9
3 11 9
3 11 9
2 11 9
2 11 9
2 12 9
2 11 9
2 11 9
2 12 9
2 12 9
1 12 9
1 12 9
1 11 9
1 11 9
1 11 9
1 11 9
1 11 9
1 11 9
1 10 9
1 10 9
1 9 9
1 9 9
1 9 9
1 10 9
1 10 9
2 10 9
2 10 9
2 9 9
2 9 9
2 9 9
2 8 9
2 8 9
2 8 9
2 8 9
2 7 9
1 7 9
1 8 9
1 8 9
1 9 9
2 9 9
1 9 9
1 9 9
1 10 9
1 10 9
1 10 9
1 10 9
1 10 9
0 10 9
0 9 9
0 8 9
0 8 9
0 8 9
1 8 9
1 8 9
0 8 9
0 8 9
1 8 9
1 8 9
1 8 9
1 8 9
1 8 9
0 8 9
0 8 9
0 8 9
0 8 9
0 7 9
0 7 9
0 7 9
0 7 9
0 8 9
0 8 9
0 8 9
0 8 9
1 8 9
0 8 9
0 8 9
0 7 9
0 7 9
1 7 9
1 7 9
2 7 9
2 7 9
2 8 9
3 8 9
4 8 8
5 8 7
5 8 7
5 7 6
4 7 6
4 7 6
3 7 6
3 7 6
3 7 6
3 7 6
3 7 6
3 7 6
3 7 6
2 7 6
2 7 6
2 7 6
2 7 6
1 7 6
1 7 6
1 7 6
1 7 6
0 7 6
0 7 6
0 8 6
0 8 6
0 8 6
1 8 6
1 8 6
1 7 6
2 7 6
2 7 6
2 7 6
2 7 6
2 7 6
2 8 6
2 8 6
2 8 6
2 8 6
2 8 6
2 8 6
2 8 6
1 8 6
1 7 6
1 7 6
1 7 6
1 7 6
2 7 6
1 7 6
1 7 6
1 7 6
1 7 6
1 7 6
1 7 6
1 7 6
1 7 6
1 7 6
1 7 6
1 7 6
2 7 6
2 7 6
1 7 6
1 7 6
1 7 6
1 7 6
1 7 6
0 7 6
0 6 6
0 7 6
0 6 6
0 6 6
0 6 6
0 6 6
0 6 6
0 5 6
0 5 6
0 5 6
0 5 6
1 5 6
1 5 6
1 6 6
1 7 6
1 7 6
1 7 6
1 6 6
1 6 6
1 6 6
0 6 6
1 6 6
1 6 6
0 6 6
0 5 6
0 6 6
0 7 6
0 7 6
0 7 6
0 7 6
0 6 6
0 6 6
0 6 6
0 6 6
0 7 6
0 7 6
0 7 6
0 7 6
0 7 6
0 7 6
0 7 6
0 7 6
0 7 6
0 7 6
0 7 6
0 7 6
0 7 6
0 6 6
0 6 6
0 6 6
0 5 6
1 5 6
1 5 6
1 5 6
2 5 6
2 5 6
2 6 6
2 6 6
2 6 6
2 6 6
2 6 6
2 6 6
2 6 6
2 6 6
2 6 6
2 6 6
2 5 6
2 5 6
2 5 6
2 5 6
2 5 6
2 5 6
2 5 6
2 5 6
2 5 6
2 5 6
2 5 6
2 5 6
2 5 6
2 5 6
1 5 6
1 4 6
1 4 6
1 4 6
2 4 6
3 4 6
3 4 6
3 4 6
3 4 6
3 4 6
3 4 6
3 4 6
3 4 6
3 4 6
3 4 6
2 4 6
1 4 6
1 4 6
2 4 6
2 4 6
2 5 6
2 6 6
2 6 6
2 5 6
2 5 6
1 5 6
2 5 6
2 5 6
3 5 6
3 5 6
4 5 6
4 4 6
4 4 6
4 4 6
5 4 6
4 4 6
3 4 6
3 3 6
3 3 6
3 2 6
3 2 6
3 2 6
3 1 6
3 1 6
3 0 6
3 0 6
3 0 6
3 0 6
3 0 6
3 0 6
3 0 6
4 0 6
4 0 6
4 0 6
4 0 6
4 0 6
4 0 6
4 0 6
3 0 6
3 0 6
3 0 6
2 0 6
3 0 6
3 0 6
3 0 6
4 0 6
4 0 6
4 1 6
4 1 6
4 1 6
3 1 6
2 1 6
2 1 6
2 2 6
2 2 6
2 1 6
2 1 6
2 1 6
3 1 6
4 1 6
4 1 6
4 1 6
4 1 6
4 1 6
4 0 6
5 0 6
6 0 6
6 0 6
6 0 6
5 0 6
5 0 6
5 0 6
6 0 6
6 0 6
6 0 6
6 0 6
6 1 6
7 1 6
7 1 6
7 1 6
7 1 6
7 1 6
7 1 6
7 2 6
8 2 6
8 3 6
8 2 6
8 2 6
8 2 6
8 2 6
9 2 6
9 1 6
9 1 6
8 1 6
9 1 6
9 1 6
10 1 6
10 1 6
10 0 6
10 0 6
9 0 6
9 0 6
9 0 6
9 0 6
9 0 6
9 0 6
8 0 6
8 0 6
9 0 6
10 0 6
10 0 6
10 0 6
10 1 6
10 0 6
10 0 6
10 0 6
10 0 6
10 0 6
10 0 6
10 0 6
10 0 6
10 0 6
10 1 6
10 1 6
10 0 6
10 0 6
9 0 6
9 1 6
10 1 6
10 0 6
10 0 6
10 0 6
10 0 6
10 0 6
10 0 6
10 0 6
10 0 6
10 0 6
11 0 6
12 0 6
12 0 6
12 0 6
12 0 6
12 0 6
12 1 6
12 1 6
12 1 6
12 1 6
12 1 6
12 1 6
12 1 6
12 1 6
12 1 6
12 1 6
12 1 6
13 1 6
13 1 6
13 1 6
14 1 6
14 1 6
14 1 6
14 1 6
14 1 6
13 1 6
13 0 6
13 0 6
13 0 6
13 0 6
13 0 6
14 0 6
14 0 6
14 1 6
14 1 6
14 2 6
14 2 6
14 3 6
14 4 6
14 4 6
14 4 6
14 4 6
14 4 6
15 4 6
15 4 6
15 4 6
15 5 6
15 5 6
15 5 6
15 5 6
15 5 6
14 5 6
14 6 6
15 6 6
15 5 6
15 5 6
15 5 6
15 5 6
15 4 6
15 4 6
14 4 6
14 5 6
14 5 6
14 5 6
14 5 6
14 5 6
14 5 6
14 5 6
14 5 6
13 5 6
13 4 6
13 3 6
13 3 6
13 3 6
13 3 6
12 3 6
13 3 6
13 3 6
14 3 6
13 3 6
13 2 6
13 2 6
13 1 6
14 1 6
14 1 6
14 1 6
14 0 6
15 0 6
15 0 6
15 0 6
15 0 6
15 0 6
15 1 6
15 2 6
14 2 6
14 1 6
15 1 6
15 1 6
15 1 6
15 1 6
15 1 6
15 1 6
15 1 6
15 1 6
14 1 6
14 2 6
14 2 6
14 2 6
14 1 6
15 1 6
15 1 6
15 1 6
15 0 6
14 0 6
13 0 6
14 0 6
14 0 6
14 0 6
14 0 6
15 0 6
15 1 6
15 1 6
15 0 6
15 0 6
15 0 6
15 0 6
15 0 6
15 0 6
15 0 6
15 0 6
15 0 6
15 0 6
15 0 6
15 1 6
15 1 6
15 2 6
15 3 6
15 4 6
15 4 6
15 5 6
15 5 6
15 5 6
15 5 6
15 6 6
15 6 6
15 7 6
15 7 6
15 7 6
15 6 6
15 6 6
15 6 6
15 6 6
15 6 6
15 7 6
15 7 6
15 7 6
15 7 6
14 7 6
13 7 6
14 7 6
13 7 6
13 7 6
13 7 6
13 7 6
13 8 6
13 9 6
13 10 6
14 10 6
14 10 6
14 9 6
14 9 6
14 10 6
13 10 6
12 10 6
12 11 6
12 10 6
11 10 6
11 10 6
11 10 6
10 10 6
10 9 6
10 9 6
10 9 6
11 9 6
11 9 6
11 9 6
11 9 6
10 9 6
10 9 6
10 9 6
9 9 6
9 9 6
9 9 5
9 9 5
9 9 4
9 9 3
9 9 2
9 9 1
9 10 1
9 10 1
9 10 1
9 9 1
9 9 1
9 10 1
9 10 1
8 10 1
8 10 1 1
5 19 20
5 19 20
5 19 20
4 19 20
4 19 20
4 19 20
4 19 20
4 18 20
3 18 20
3 18 20
3 18 20
4 18 20
3 18 20
3 19 20
3 19 20
3 19 20
3 19 20
3 19 20
3 19 20
3 19 20
3 19 20
3 19 20
3 19 20
3 19 20
3 19 20
3 19 20
2 19 20
2 19 20
2 19 20
2 19 20
2 19 20
2 19 20
2 19 20
2 19 20
2 19 20
2 18 20
2 18 20
2 18 20
2 19 20
1 19 20
1 18 20
1 19 20
1 19 20
1 18 20
1 18 20
2 18 20
2 18 20
2 18 20
2 18 20
2 18 20
2 18 20
1 18 20
1 18 20
1 18 20
1 18 20
0 18 20
0 18 20
0 18 20
0 17 20
0 17 20
0 17 20
0 17 20
0 17 20
0 17 20
0 17 20
0 18 20
0 18 20
0 17 20
0 18 20
0 18 20
0 18 20
0 17 20
0 17 20
0 17 20
0 17 20
0 17 20
0 17 20
0 17 20
0 17 20
0 17 20
0 17 20
0 18 20
0 18 20
0 18 20
0 17 20
0 17 20
1 17 20
1 17 20
1 17 20
1 17 20
1 17 20
1 17 20
1 18 20
1 18 20
0 18 20
0 17 20
0 18 20
1 18 20
1 17 20
1 17 20
1 17 20
0 17 20
0 18 20
0 18 20
0 18 20
0 18 20
0 18 20
0 18 20
0 18 20
0 18 20
0 19 20
0 19 20
0 19 20
0 19 20
1 19 20
1 19 20
1 19 20
1 19 20
2 19 20
3 19 20
3 19 20
3 19 20
3 19 20
2 19 20
2 18 20
2 18 20
2 18 20
2 18 20
2 17 20
2 17 20
2 17 20
3 17 20
2 17 20
1 17 20
1 17 20
1 17 20
1 17 20
1 17 20
1 17 20
1 16 20
1 16 20
1 16 20
1 15 20
1 15 20
1 15 20
1 16 20
2 16 20
2 16 20
2 16 20
1 16 20
1 16 20
0 16 20
0 15 20
0 15 20
0 15 20
0 15 20
1 15 20
1 15 20
0 15 20
0 16 20
0 16 20
0 17 20
0 17 20
0 16 20
1 16 20
0 16 20
0 15 20
0 15 20
0 16 20
0 16 20
0 16 20
0 17 20
0 17 20
0 17 20
0 17 20
0 17 20
0 16 20
0 16 20
0 16 20
0 15 20
0 15 20
0 16 20
0 16 20
0 16 20
0 16 20
0 16 20
0 16 20
0 16 20
0 17 20
0 18 20
0 17 20
0 17 20
1 17 20
1 17 20
1 17 20
0 17 20
0 17 20
0 17 20
0 17 20
0 17 20
0 17 20
0 17 20
0 17 20
1 17 20
2 17 20
2 18 20
2 18 20
2 18 20
2 18 20
2 17 20
2 17 20
2 17 20
2 18 20
2 18 20
2 18 20
2 18 20
2 18 20
2 17 20
3 17 20
4 17 20
4 17 20
4 17 20
5 17 20
5 16 20
5 16 20
5 17 20
5 17 20
5 17 20
5 17 20
5 17 20
5 17 20
5 17 20
5 17 20
6 17 20
6 17 20
6 18 20
6 19 20
6 19 20
6 19 20
6 19 20
6 18 20
6 18 20
6 18 20
6 17 20
6 17 20
5 17 20
6 17 20
6 18 20
6 17 20
6 17 20
6 17 20
6 18 20
6 18 20
6 18 20
6 18 20
6 18 20
6 18 20
6 18 20
6 18 20
6 18 20
5 18 20
5 19 20
5 19 20
5 19 20
5 18 20
5 18 20
5 19 15
5 19 15
5 19 10
5 19 5 1
11 19 20
12 19 20
12 19 20
11 19 20
12 19 20
11 19 20
11 18 20
11 18 20
11 18 20
11 19 20
11 19 20
11 19 20
11 19 20
11 19 20
11 19 20
11 19 20
11 18 20
11 18 20
11 18 20
11 18 20
11 19 20
11 18 20
11 17 20
11 17 20
11 17 20
11 18 20
11 18 20
11 18 20
11 17 20
11 17 20
11 17 20
11 17 20
11 17 20
11 17 20
11 18 20
11 18 20
11 18 20
11 18 20
10 18 20
11 18 20
10 18 20
10 18 20
11 18 20
11 17 20
11 17 20
11 17 20
11 18 20
11 19 20
10 19 20
10 19 20
10 19 20
10 19 20
9 19 20
9 19 20
10 19 20
10 19 20
10 19 20
10 19 20
10 19 20
10 19 20
10 18 20
10 17 20
10 18 20
10 18 20
10 18 20
10 17 20
10 17 20
9 17 20
8 17 20
8 17 20
8 17 20
8 17 20
8 17 20
8 16 20
8 16 20
8 16 20
8 16 20
8 16 20
8 16 20
8 16 20
8 15 20
8 15 20
8 16 20
8 15 20
9 15 20
9 15 20
9 15 20
9 15 20
9 15 20
9 15 20
9 15 20
9 15 20
9 15 20
9 15 20
9 15 20
9 15 20
9 15 20
9 16 20
9 16 20
9 16 20
9 16 20
8 16 20
8 16 20
7 16 20
7 16 20
6 16 20
6 16 20
7 16 20
7 16 20
7 16 20
6 16 20
5 16 20
5 16 20
5 16 20
5 17 20
5 17 20
5 17 20
5 17 20
6 17 20
6 17 20
6 17 20
6 17 20
6 17 20
6 17 20
6 17 20
5 17 20
6 17 20
5 17 20
5 17 20
5 17 20
5 17 20
5 17 20
6 17 20
7 17 20
7 18 20
6 18 20
5 18 20
6 18 20
6 18 20
6 18 20
6 18 20
6 18 20
6 18 20
6 17 20
6 18 20
6 19 20
6 19 20
6 19 20
6 19 20
6 19 20
6 19 20
6 19 20
6 18 20
6 18 20
6 18 20
6 19 20
5 19 20
5 19 20
5 19 20
4 19 20
4 19 20
4 19 20
5 19 20
5 19 20
4 19 20
4 18 20
4 18 20
4 18 20
4 18 20
4 19 20
4 19 20
3 19 20
3 19 20
3 19 20
3 19 20
2 19 20
3 19 20
3 19 20
2 19 20
2 19 20
2 19 20
2 18 20
1 18 20
0 18 20
0 18 20
0 18 20
0 18 20
1 18 20
1 19 20
1 19 20
1 18 20
1 18 20
0 18 20
0 18 20
0 18 20
0 18 20
0 19 20
0 19 20
1 19 20
1 19 20
1 19 20
1 19 20
1 19 20
1 18 20
1 19 20
2 19 20
2 19 20
2 19 20
2 19 20
2 19 20
2 19 20
2 19 20
2 19 20
2 19 20
2 19 20
2 19 20
2 19 20
1 19 20
1 19 20
1 19 20
1 19 20
1 19 20
1 19 20
1 18 20
1 18 20
1 18 20
0 18 20
0 18 20
0 17 20
0 17 20
0 17 20
0 16 20
0 16 20
0 17 20
0 17 20
0 18 20
0 17 20
0 18 20
0 17 20
0 17 20
0 18 20
0 18 20
0 17 20
0 17 20
0 17 20
0 16 20
0 16 20
0 16 20
0 16 20
0 16 20
0 16 20
0 15 20
0 14 20
0 14 20
0 14 20
0 14 20
0 14 20
0 15 20
0 15 20
0 15 20
0 14 20
0 14 20
0 14 20
0 14 20
0 15 20
0 15 20
0 15 20
0 16 20
1 16 20
1 16 20
1 16 20
2 16 20
2 16 20
3 16 20
2 16 20
2 16 20
2 16 20
2 16 20
2 16 20
2 16 20
2 16 20
2 16 20
2 17 20
2 16 20
2 16 20
2 16 20
2 16 20
2 16 20
2 15 20
2 15 20
3 15 20
2 15 20
2 16 20
2 16 20
2 15 20
2 15 20
2 15 20
3 15 20
2 15 20
3 15 20
3 15 20
4 15 20
4 15 20
4 16 20
4 16 20
4 15 20
4 15 20
4 15 20
4 15 20
4 14 20
4 14 20
4 14 20
4 14 20
5 14 20
5 14 20
4 14 20
4 14 20
4 14 20
3 14 20
2 14 20
2 14 20
2 15 20
2 14 20
2 14 20
2 14 20
2 13 20
2 12 20
1 12 20
1 12 20
1 11 20
1 11 20
1 11 20
1 11 20
1 10 20
1 10 20
0 10 20
0 10 20
1 10 19
1 10 18
1 11 17
0 11 17
1 11 17
2 11 16
2 12 15
2 12 15
2 13 15
2 13 15
3 13 15
3 14 15
3 14 15
3 15 15
3 15 15
3 14 15
3 14 15
4 14 15
3 14 15
3 14 15
3 14 15
2 14 15
2 14 15
2 14 15
2 14 15
2 14 15
2 14 15
2 14 15
2 14 15
2 14 15
2 14 15
2 13 15
3 13 15
2 13 15
2 13 15
2 13 15
2 13 15
2 13 15
2 13 15
2 13 15
2 13 15
2 13 15
3 13 15
3 13 15
4 13 15
4 12 15
4 13 15
4 13 15
4 13 15
4 13 15
4 13 15
4 13 15
4 13 15
4 14 15
3 14 15
3 15 15
2 15 15
2 15 15
2 15 15
2 15 15
2 16 15
2 16 15
3 16 15
3 16 15
3 16 15
2 16 15
2 15 15
3 15 15
3 15 15
3 15 15
3 15 15
3 15 15
3 16 15
3 16 15
3 15 15
3 15 15
3 15 15
3 14 15
3 14 15
3 14 15
3 13 15
3 13 15
3 13 15
3 14 15
3 14 15
3 14 15
3 13 15
3 13 15
4 13 15
3 13 14
3 14 13
3 14 12
3 14 11
3 14 11
3 14 11
3 14 11
3 14 11
3 14 11
3 14 11
3 14 11
3 14 11
4 14 11
4 14 11
4 14 11
4 14 11
5 14 11
5 14 11
5 15 11
5 15 11
5 15 11
5 16 11
5 16 11
5 16 11
4 16 11
4 16 11
4 16 11
4 16 11
4 16 11
4 17 11
4 17 11
4 16 11
4 16 11
3 16 11
3 16 11
3 16 11
3 16 11
2 16 11
2 16 11
2 16 11
2 16 11
2 15 11
1 15 11
2 15 11
2 16 11
2 17 11
2 17 11
3 17 11
3 17 11
3 18 11
3 19 11
4 19 11
3 19 11
3 19 11
3 19 11
3 19 11
3 19 11
3 19 11
3 19 11
3 19 11
3 19 11
3 19 11
3 19 11
3 19 11
3 19 11
4 19 11
3 19 11
3 19 11
3 19 11
4 19 11
3 19 11
3 19 11
4 19 11
4 18 11
4 18 11
4 18 11
4 19 11
4 19 11
5 19 11
5 18 11
5 18 11
5 18 11
5 18 11
5 18 11
5 18 11
5 19 11
5 19 11
5 19 11
5 18 11
5 18 11
5 18 11
5 19 11
5 19 11
4 19 11
4 19 11
4 19 11
4 19 11
4 19 11
4 19 11
4 18 11
4 18 11
4 18 11
4 18 11
4 19 11
4 18 11
4 17 11
4 18 11
4 18 11
5 18 11
5 18 11
6 18 11
6 18 11
6 18 11
7 18 11
7 18 11
6 18 11
6 18 11
6 18 11
6 19 11
5 19 11
5 19 11
5 19 11
5 19 11
5 19 11
5 19 11
5 18 11
5 18 11
5 18 11
6 18 11
6 19 11
6 18 11
7 18 11
7 19 11
7 19 11
7 19 11
8 19 11
7 19 11
7 19 11
7 18 11
7 18 11
7 18 11
7 17 11
7 17 11
7 17 11
7 18 11
7 18 11
8 18 11
8 18 11
8 18 11
8 18 11
8 17 11
8 17 11
8 17 11
8 18 11
9 18 11
9 18 11
9 18 11
9 18 11
9 18 11
8 18 11
9 18 11
9 18 11
10 18 11
10 18 11
10 18 11
10 18 11
10 17 11
10 18 11
10 18 11
10 18 11
9 18 11
9 19 11
10 19 11
9 19 11
9 19 11
9 19 11
9 19 11
8 19 11
8 18 11
8 18 11
8 18 11
7 18 11
7 18 11
7 18 11
7 18 11
7 19 11
7 19 11
7 19 11
7 19 11
7 19 11
7 19 11
7 19 11
8 19 11
8 19 11
8 19 11
7 19 11
6 19 11
5 19 11
5 19 11
6 19 11
6 18 11
6 19 11
6 19 11
5 19 11
5 19 11
4 19 11
4 19 11
5 19 11
5 19 11
5 19 11
5 18 11
5 18 11
6 18 11
6 18 11
6 18 11
6 17 11
6 17 11
6 17 11
6 17 11
6 17 11
6 18 11
6 18 11
6 18 11
6 18 11
6 18 11
5 18 11
6 18 11
6 19 11
5 19 11
4 19 11
4 19 11
4 19 11
4 19 11
3 19 11
3 19 11
3 19 11
3 19 11
3 19 11
3 19 11
3 19 11
3 19 11
3 19 11
3 19 11
2 19 11
2 19 11
1 19 11
1 19 11
1 18 11
1 19 11
2 19 11
2 19 11
2 19 11
2 19 11
2 19 11
2 19 11
2 19 11
2 19 11
2 19 11
3 19 11
4 19 11
4 19 11
4 19 11
4 18 11
3 18 11
4 18 11
4 19 11
4 19 11
4 19 11
4 19 11
4 19 11
4 19 11
3 19 11
3 19 11
3 18 11
3 18 11
3 18 11
2 18 11
2 18 11
2 19 11
2 19 11
3 19 11
3 19 11
3 19 11
3 19 11
3 19 11
3 19 11
3 19 11
4 19 11
5 19 11
6 19 11
6 18 11
6 18 11
6 18 11
6 18 11
6 18 11
6 18 11
5 18 11
5 18 11
5 18 11
6 18 11
5 18 11
5 18 11
5 18 11
5 19 11
5 19 11
4 19 11
4 19 11
3 19 11
3 19 11
3 19 11
3 19 11
3 18 11
3 18 11
3 18 11
3 18 11
2 18 11
3 18 11
2 18 11
2 18 11
2 18 11
2 19 11
3 19 11
3 19 11
3 19 11
2 19 11
3 19 11
3 19 11
3 19 11
3 19 11
3 18 11
3 17 11
3 18 11
3 18 11
4 18 11
4 18 11
4 18 11
5 18 11
5 17 11
5 16 11
5 15 11
5 15 11
5 15 11
5 15 11
5 15 11
5 14 11
5 15 11
6 15 11
6 15 11
6 15 11
6 16 11
6 17 11
7 17 11
8 17 11
7 17 11
7 18 11
7 18 11
8 18 11
8 17 11
8 17 11
8 17 11
8 18 11
8 18 11
8 19 11
8 19 11
8 19 11
8 19 11
9 19 11
9 19 11
9 18 11
9 17 11
9 17 11
9 17 11
9 17 11
8 17 11
8 17 11
9 17 11
10 17 11
11 17 11
11 17 11
11 17 11
11 18 11
11 18 11
11 18 11
11 18 11
12 18 11
12 18 11
12 18 11
12 18 11
12 19 11
13 19 11
13 19 11
13 19 11
13 18 11
13 18 11
13 18 11
14 18 11
14 17 11
14 16 11
14 16 11
14 16 11
14 15 11
14 15 11
14 15 11
14 15 11
14 15 11
14 14 11
14 14 11
14 14 11
13 14 11
13 14 11
12 14 11
12 14 11
12 14 11
12 14 11
12 14 11
12 13 11
13 13 11
13 13 11
13 12 11
13 12 11
14 12 11
15 12 11
15 12 11
15 12 11
15 11 11
15 11 11
14 11 11
14 11 11
14 11 11
14 11 11
14 11 11
13 11 11
13 11 11
13 10 11
12 10 11
12 10 11
12 10 11
12 10 11
12 10 11
12 10 11
12 10 11
12 9 11
12 9 11
12 9 11
12 8 11
12 7 11
12 7 11
12 7 11
13 7 11
13 7 11
13 7 11
13 6 11
13 6 11
13 6 11
13 7 11
12 7 11
12 8 11
12 8 11
12 7 11
12 7 11
11 7 11
11 7 11
10 7 11
10 7 11
10 7 11
10 7 11
11 7 11
11 8 11
11 9 11
10 9 11
10 9 11
10 9 11
10 9 8
11 9 5
11 8 5
11 8 5
11 8 5
11 8 5
11 8 5
11 7 5
11 7 5
11 7 5
10 7 5
10 7 5
10 7 5
10 7 5
10 7 5
9 7 5
9 7 5
9 7 5
9 7 5
9 6 5
10 6 5
10 5 5
10 5 5
10 5 5
10 5 5
10 5 5
10 5 5
10 6 5
11 6 5
11 5 5
11 5 5
12 5 5
12 5 5
12 4 5
11 4 5
11 4 5
11 4 5
10 4 5
11 4 5
11 3 5
11 3 5
12 3 5
12 3 5
12 3 5
11 3 5
11 3 5
11 3 5
12 3 5
12 3 5
12 3 5
12 3 5
11 3 5
11 3 5
11 4 5
10 4 5
10 4 5
11 4 5
11 5 5
11 4 5
10 4 5
11 4 5
11 3 5
12 3 5
13 3 5
13 3 5
13 3 5
14 3 5
14 3 5
14 2 5
15 2 5
15 2 5
15 2 5
15 2 5
15 2 5
15 3 5
15 3 5
15 3 5
15 3 5
15 4 5
15 4 5
15 4 5
15 4 5
15 4 5
15 3 5
14 3 5
14 3 5
14 3 5
15 3 5
15 3 5
15 3 5
15 3 5
15 3 5
15 2 5
15 2 5
15 2 5
15 1 5
15 2 5
14 2 5
14 2 5
14 2 5
14 2 5
14 2 5
14 3 5
14 3 5
13 3 5
13 3 5
14 3 5
13 3 5
14 3 5
14 2 5
14 2 5
14 3 5
14 3 5
14 2 5
14 2 5
14 1 5
14 1 5
14 1 5
14 1 5
14 1 5
14 1 5
14 1 5
14 1 5
15 1 5
15 1 5
15 1 5
15 2 5
15 2 5
15 2 5
15 2 5
15 2 5
15 2 5
15 2 5
15 2 5
15 3 5
15 4 5
15 4 5
15 4 5
15 4 5
14 4 5
15 4 5
15 4 5
15 3 5
15 4 5
15 4 5
15 4 5
15 3 5
15 3 5
15 3 5
15 3 5
15 3 5
15 3 5
15 3 5
15 4 5
15 4 5
15 4 5
15 3 5
14 3 5
14 3 5
14 3 5
15 3 5
15 2 5
15 2 5
15 2 5
15 2 5
15 2 5
15 2 5
15 2 5
15 2 5
15 2 5
15 1 5
15 1 5
15 1 5
14 1 5
15 1 5
15 2 5
15 2 5
15 1 5
15 1 5
15 1 5
15 0 5
15 0 5
15 0 5
14 0 5
14 1 5
15 1 5
15 1 5
15 1 5
15 1 5
15 1 5
15 1 5
15 2 5
15 2 5
15 1 5
15 0 5
15 0 5
15 0 5
15 1 5
15 1 5
15 1 5
15 1 5
15 1 5
15 1 5
15 2 5
15 2 5
15 2 5
15 3 5
15 3 5
14 3 5
14 4 5
13 4 5
13 5 5
13 5 5
13 5 5
13 5 5
13 5 5
13 5 5
13 5 5
13 5 5
13 5 5
13 6 5
13 7 5
13 6 5
13 6 5
13 7 5
13 7 5
14 7 5
14 6 5
13 6 5
13 6 5
13 6 5
13 5 5
14 5 5
14 5 5
14 5 5
15 5 5
14 5 5
14 5 5
14 5 5
14 5 5
14 5 5
14 6 5
13 6 5
13 6 5
14 6 5
15 6 5
15 6 5
15 6 5
15 7 5
15 7 5
15 7 5
15 7 5
15 7 5
14 7 5
14 7 5
13 7 5
13 7 5
13 7 5
13 6 5
13 7 5
12 7 5
12 7 5
12 7 5
12 6 5
12 7 5
12 7 5
13 7 5
13 7 5
13 7 5
13 6 5
13 5 5
13 5 5
13 5 5
13 4 5
13 5 5
12 5 5
12 5 5
12 6 5
12 6 5
12 6 2 1
6 18 20
6 19 20
6 19 20
6 19 20
6 19 20
6 19 20
6 19 20
6 18 20
6 17 20
6 17 20
6 17 20
7 17 20
7 17 20
7 17 20
7 16 20
7 16 20
6 16 20
6 16 20
6 15 20
6 15 20
6 15 20
6 15 20
5 15 20
4 15 20
4 14 20
4 15 20
4 15 20
4 15 20
4 15 20
4 15 20
4 15 20
5 15 20
5 15 20
6 15 20
6 16 20
6 16 20
6 15 20
5 15 20
5 14 20
5 15 20
5 15 20
5 14 20
4 14 20
4 14 20
4 13 20
4 13 20
4 13 20
4 14 20
5 14 20
5 14 20
5 14 20
4 14 20
4 15 20
4 15 20
4 15 20
5 15 20
4 15 20
3 15 20
3 15 20
3 15 20
3 15 20
2 15 20
2 15 20
2 15 20
2 15 20
3 15 20
3 15 20
4 15 20
4 15 20
4 15 20
4 16 20
4 16 20
4 15 20
3 15 20
3 16 20
3 16 20
3 16 20
3 16 20
3 16 20
3 17 20
4 17 20
3 17 20
3 17 20
3 17 20
2 17 20
2 17 20
2 17 20
2 16 20
2 16 20
2 16 20
2 16 20
2 15 20
2 15 20
2 15 20
1 15 20
1 16 20
1 16 20
1 16 20
1 16 20
1 16 20
1 16 20
1 16 20
1 16 20
1 16 20
1 16 20
1 17 20
1 16 20
1 15 20
1 15 20
1 14 20
1 14 20
1 14 20
1 15 20
1 14 20
1 13 20
1 12 20
1 12 20
1 12 20
2 12 20
2 12 20
2 12 20
2 12 20
3 12 20
3 12 20
3 12 20
4 12 20
3 12 20
3 12 20
3 12 20
3 13 20
3 13 20
3 13 20
3 13 20
3 13 20
2 13 20
2 13 20
2 13 20
2 13 20
2 14 20
2 13 20
2 13 20
2 14 20
2 15 20
2 15 20
2 15 20
2 14 20
2 14 20
2 14 20
2 15 20
2 15 20
2 15 20
2 16 20
2 16 20
3 16 20
4 16 20
4 16 20
3 16 20
3 15 20
3 15 20
4 15 20
4 15 20
4 15 20
3 15 20
3 15 20
3 15 20
3 14 20
3 14 20
3 14 20
3 14 20
3 14 20
3 15 20
3 15 20
2 15 20
2 16 20
2 17 20
1 17 20
1 17 20
1 17 20
1 17 20
0 17 20
0 16 20
1 16 20
1 16 20
1 16 20
1 16 20
1 16 20
1 16 20
1 16 20
1 16 20
1 16 20
1 16 20
2 16 20
2 17 20
2 17 20
2 17 20
3 17 20
4 17 20
4 17 20
5 17 20
5 17 20
5 17 20
6 17 20
5 17 20
5 17 20
5 17 20
5 17 20
5 18 20
5 18 20
5 18 20
4 18 20
4 19 20
4 19 20
5 19 20
5 19 20
6 19 20
6 19 20
6 19 20
6 19 20
5 19 20
4 19 20
4 19 20
3 19 20
3 19 20
3 18 20
3 19 20
3 19 20
3 19 20
2 19 20
2 19 20
1 19 20
1 19 20
1 19 20
1 19 20
1 19 20
1 19 20
1 19 20
1 19 20
1 19 20
1 19 20
2 19 20
2 19 20
2 18 20
2 18 20
3 18 20
4 18 20
4 18 20
3 18 20
3 18 20
3 19 20
4 19 20
3 19 20
3 19 20
2 19 20
2 19 20
2 19 20
2 19 20
3 19 20
3 19 20
3 18 20
3 18 20
3 19 20
2 19 20
2 19 20
2 19 20
2 19 20
2 19 20
2 19 20
2 19 20
2 19 20
2 19 20
2 19 20
2 19 20
3 19 20
3 19 20
2 19 20
3 19 20
3 19 20
4 19 20
4 19 15
4 18 10
4 18 10
5 18 10
6 18 5 1
10 18 20
10 19 20
10 19 20
10 19 20
10 19 20
10 19 20
10 19 20
10 19 20
10 19 20
10 19 20
9 19 20
9 19 20
9 19 20
10 19 20
9 19 20
9 18 20
9 18 20
9 18 20
9 18 20
9 18 20
9 18 20
9 18 20
9 18 20
9 18 20
9 18 20
9 18 20
9 19 20
9 19 20
8 19 20
8 19 20
8 18 20
8 18 20
8 18 20
8 18 20
8 18 20
8 19 20
8 19 20
8 19 20
8 19 20
8 19 20
8 18 20
8 18 20
8 18 20
8 18 20
9 18 20
9 18 20
10 18 20
10 18 20
10 18 20
10 18 20
10 18 20
10 18 20
10 18 20
10 18 20
10 18 20
10 18 20
10 17 20
10 17 20
10 18 20
10 17 20
10 16 20
11 16 20
12 16 20
12 16 20
12 15 20
12 15 20
12 14 20
11 14 20
11 15 20
11 15 20
11 15 20
11 15 20
11 15 20
10 15 20
10 15 20
10 16 20
10 15 20
11 15 20
11 14 20
11 14 20
11 14 20
12 14 20
11 14 20
11 15 20
11 15 20
11 15 20
11 15 20
11 15 20
11 16 20
11 16 20
11 16 20
11 16 20
11 16 20
11 16 20
10 16 20
10 16 20
10 16 20
10 16 20
11 16 20
11 16 20
11 16 20
11 16 20
10 16 20
10 16 20
9 16 20
9 16 20
9 17 20
10 17 20
10 17 20
10 17 20
10 17 20
10 17 20
10 17 20
10 17 20
9 17 20
9 17 20
9 17 20
9 17 20
9 17 20
9 17 20
9 17 20
9 16 20
9 16 20
9 15 20
9 15 20
8 15 20
8 15 20
8 14 20
8 14 20
8 14 20
8 14 20
8 14 20
8 15 20
7 15 20
7 16 20
7 16 20
7 16 20
7 15 20
6 15 20
6 15 20
5 15 20
5 14 20
5 14 20
5 14 20
4 14 20
3 14 20
4 14 20
4 14 20
4 14 20
3 14 20
3 14 20
4 14 20
4 14 20
4 14 20
4 14 20
4 14 20
4 14 20
5 14 20
5 14 20
5 14 20
5 14 20
5 14 20
5 13 20
5 12 20
6 12 20
7 12 20
7 12 20
8 12 20
8 12 20
8 12 20
8 12 20
7 12 20
7 11 20
8 11 20
8 11 20
8 11 20
8 11 20
7 11 20
7 11 20
7 11 20
6 11 20
6 11 20
6 11 20
6 11 20
7 11 20
7 10 20
7 9 20
7 10 20
7 9 20
7 9 17
7 9 17
7 10 17
7 11 17
7 11 17
6 11 17
5 11 17
5 12 17
5 12 17
5 13 17
4 13 17
4 13 17
4 14 17
5 14 17
4 14 17
4 15 17
4 15 17
4 14 17
4 15 17
4 15 17
4 15 17
4 15 17
4 15 17
4 15 17
4 15 17
4 15 17
4 14 17
4 14 17
3 14 17
3 14 17
3 15 17
3 15 17
3 15 17
3 15 17
3 14 17
3 14 17
3 14 17
3 14 17
3 14 17
2 14 17
2 14 17
3 14 17
3 14 12
3 14 7
2 14 2 1
7 17 20
7 17 20
7 16 20
7 16 20
7 17 20
7 18 20
7 17 20
7 17 20
7 17 20
7 16 20
7 16 20
7 16 20
8 16 20
7 16 20
6 16 20
6 16 20
5 16 20
5 16 20
5 17 20
6 17 20
6 17 20
6 17 20
6 17 20
6 18 20
6 18 20
6 18 20
6 18 20
6 17 20
6 17 20
6 17 20
6 18 20
6 18 20
5 18 20
6 18 20
5 18 20
5 17 20
5 17 20
5 17 20
5 17 20
4 17 20
4 16 20
5 16 20
5 16 20
5 16 20
5 16 20
6 16 20
6 16 20
5 16 20
5 16 20
5 16 20
5 16 20
6 16 20
6 16 20
6 16 20
6 16 20
6 17 20
7 17 20
7 17 20
7 17 20
7 17 20
7 18 20
7 19 20
7 19 20
7 19 20
7 19 20
7 19 20
7 19 20
7 19 20
7 18 20
7 18 20
7 18 20
7 19 20
7 19 20
8 19 20
8 19 20
8 19 20
8 19 20
8 19 20
8 19 20
8 19 20
8 19 20
8 19 20
8 19 20
8 19 20
9 19 20
9 19 20
9 19 20
9 19 20
10 19 20
10 18 20
10 18 20
11 18 20
11 19 20
12 19 20
12 19 20
13 19 20
13 19 20
13 19 20
13 19 20
13 19 20
13 19 20
13 19 20
14 19 20
14 19 20
14 19 20
15 19 20
15 19 20
15 18 20
15 18 20
15 18 20
15 18 20
15 18 20
15 18 20
15 18 20
15 18 20
15 18 20
15 18 20
15 18 20
14 18 20
14 18 20
15 18 20
15 18 20
15 18 20
15 19 20
15 19 20
15 19 20
15 19 20
15 19 20
14 19 20
14 19 20
13 19 20
13 19 20
14 19 20
14 19 20
15 19 20
15 19 20
14 19 20
14 19 20
14 18 20
14 17 20
14 17 20
15 17 20
14 17 20
14 17 20
14 16 20
14 16 20
14 15 20
14 15 20
14 14 20
14 13 20
14 13 20
14 13 20
13 13 20
12 13 20
12 13 20
12 13 20
12 13 20
12 13 20
12 13 20
13 13 20
13 13 20
13 12 20
13 13 20
13 13 20
12 13 20
12 13 20
12 13 20
11 13 20
11 14 20
11 14 20
11 14 20
12 14 20
12 13 20
12 13 20
12 13 20
12 13 20
13 13 20
13 13 20
14 13 20
14 12 20
14 12 20
15 12 20
15 12 20
15 12 20
15 11 20
15 11 20
15 11 20
15 12 20
15 12 20
15 12 20
15 12 20
15 13 20
14 13 20
13 13 20
13 14 20
13 14 20
13 14 20
13 14 20
13 13 20
13 13 20
13 13 20
13 13 20
13 13 20
13 13 20
13 12 20
12 12 20
12 12 20
11 12 20
11 12 20
11 12 20
11 12 20
11 12 20
11 12 20
11 13 20
12 13 20
12 13 20
13 13 20
13 12 20
13 12 20
13 12 20
13 12 20
12 12 20
12 11 20
11 11 20
11 11 20
11 11 20
11 11 20
11 12 20
11 13 20
11 13 20
11 13 20
11 13 20
11 13 20
11 13 20
11 13 20
11 13 20
10 13 20
10 13 20
10 13 20
9 13 20
9 13 20
8 13 20
8 13 20
9 13 20
10 13 20
10 13 20
10 13 20
10 14 20
10 14 20
10 13 20
10 14 20
9 14 20
9 13 20
9 13 20
9 13 20
9 12 20
9 12 20
9 12 20
9 12 20
8 12 20
8 12 20
8 12 20
8 11 20
8 10 20
8 10 20
9 10 20
9 10 20
10 10 20
11 10 20
10 10 20
10 10 20
10 10 20
10 10 20
9 10 20
9 10 20
9 10 20
9 11 20
9 12 20
10 12 20
9 12 20
9 12 20
10 12 20
10 12 20
10 12 20
10 12 20
10 12 20
10 12 20
10 13 20
10 13 20
10 12 20
10 12 20
10 12 20
11 12 20
11 12 20
11 12 20
11 12 20
10 12 20
9 12 20
9 11 20
10 11 20
9 11 20
9 11 20
9 10 20
9 10 20
9 11 20
9 10 20
8 10 20
8 10 20
8 11 20
8 11 20
9 11 20
8 11 20
9 11 20
9 11 20
9 11 20
8 11 20
8 11 20
9 11 20
9 12 20
9 12 20
8 12 20
8 12 20
8 12 20
8 12 20
8 12 20
8 13 20
8 14 20
8 13 20
8 13 20
8 13 20
8 13 20
8 13 20
8 13 20
8 12 20
8 13 20
8 13 20
8 13 20
8 13 20
8 14 20
8 15 20
8 16 20
8 16 20
7 16 20
8 16 20
7 16 20
6 16 15
5 16 15
5 16 15
4 16 10
3 16 5
4 16 5
5 16 5
5 16 5 1
9 17 20
9 17 20
9 17 20
9 17 20
9 17 20
8 17 20
8 16 20
9 16 20
9 16 20
9 16 20
9 16 20
9 16 20
9 16 20
9 16 20
9 16 20
9 16 20
9 16 20
9 16 20
9 15 20
9 15 20
9 16 20
10 16 20
11 16 20
12 16 20
12 16 20
12 15 20
12 15 20
12 15 20
12 15 20
12 15 20
12 15 20
12 15 20
12 15 20
12 15 20
12 16 20
12 16 20
12 16 20
12 16 20
11 16 20
11 16 20
11 16 20
10 16 20
9 16 20
10 16 20
10 16 20
10 16 20
10 16 20
10 15 20
10 15 20
11 15 20
12 15 20
13 15 20
13 16 20
13 15 20
14 15 20
15 15 20
15 15 20
15 15 20
15 15 20
15 15 20
14 15 20
14 16 20
15 16 20
15 17 20
15 17 20
15 17 20
14 17 20
13 17 20
12 17 20
12 17 20
13 17 20
14 17 20
14 17 20
14 18 20
14 18 20
14 18 20
14 18 20
14 18 20
14 19 20
14 19 20
14 19 20
15 19 20
15 19 20
15 19 20
15 19 20
15 19 20
15 19 20
15 19 20
15 19 20
15 19 20
15 19 20
14 19 20
14 19 20
14 19 20
14 19 20
14 18 20
14 18 20
14 18 20
13 18 20
12 18 20
12 19 20
12 19 20
12 19 20
12 19 20
12 19 20
11 19 20
11 19 20
11 19 20
11 19 20
11 18 20
11 18 20
11 18 20
10 18 20
10 18 20
10 18 20
9 18 20
9 18 20
9 18 20
9 18 20
9 18 20
9 18 20
9 18 20
9 18 20
10 18 20
10 19 20
9 19 20
9 19 20
9 19 20
9 19 20
9 18 20
9 18 20
9 18 20
8 18 20
8 19 20
8 18 20
8 18 20
8 19 20
8 19 20
7 19 20
7 19 20
7 18 20
7 18 20
7 19 20
7 19 20
7 19 20
8 19 20
8 19 20
8 19 20
8 19 20
8 19 20
8 19 20
7 19 20
7 19 20
8 19 20
8 18 20
8 19 20
8 19 20
8 19 20
8 19 20
8 19 20
7 19 20
8 19 20
8 19 20
8 19 20
8 18 20
7 18 20
7 18 20
7 18 20
6 18 20
6 18 20
7 18 20
8 18 20
8 18 20
8 19 20
8 19 20
8 19 20
8 19 20
8 19 20
8 19 20
9 19 20
9 19 20
9 18 20
9 17 20
9 17 20
8 17 20
8 17 20
8 17 20
9 17 20
9 17 20
9 18 20
9 19 20
9 19 20
9 19 20
9 19 20
9 19 20
9 19 20
9 19 20
10 19 20
9 19 20
9 19 20
9 19 20
9 19 20
8 19 20
8 19 20
9 19 20
9 19 20
9 19 20
9 19 20
9 18 20
9 19 20
8 19 20
8 19 20
8 19 20
8 19 20
8 19 20
7 19 20
7 19 20
7 19 20
7 19 20
7 19 20
7 19 20
7 19 20
7 19 20
7 18 20
7 18 20
7 18 20
7 18 20
7 18 20
7 18 20
7 18 20
7 18 20
7 19 20
7 19 20
7 19 20
7 19 20
7 19 20
8 19 20
8 19 20
8 19 20
8 19 20
8 19 20
8 19 20
8 19 20
8 19 20
7 19 20
7 19 20
7 18 20
7 17 20
7 17 20
7 17 20
7 17 20
7 17 20
7 17 20
8 17 20
8 17 20
7 17 20
8 17 20
8 17 20
8 17 20
7 17 20
7 17 20
7 17 20
7 18 20
7 18 20
8 18 20
8 17 20
8 17 20
9 17 20
10 17 20
10 17 20
10 17 20
11 17 20
11 17 20
10 17 20
10 17 20
10 17 20
10 16 20
10 16 20
10 16 20
10 16 20
10 15 20
11 15 20
11 15 20
11 15 20
11 15 20
11 15 20
11 15 20
11 15 20
11 15 20
10 15 20
10 15 20
10 15 20
11 15 20
10 15 20
9 15 20
10 15 20
10 15 20
9 15 20
9 15 20
9 14 20
9 14 20
9 15 20
10 15 20
11 15 20
11 15 20
11 15 20
11 15 20
12 15 20
12 15 20
12 16 20
12 16 20
13 16 20
13 17 20
13 17 20
13 17 20
13 17 20
12 17 20
12 18 20
12 18 20
12 19 20
12 19 20
13 19 20
13 19 20
13 19 20
13 19 20
13 19 20
14 19 20
14 18 20
14 18 20
14 18 20
14 18 20
13 18 20
13 18 20
12 18 20
12 18 20
12 18 20
12 18 20
12 18 20
12 18 20
11 18 20
11 18 20
11 18 20
12 18 20
12 18 20
12 18 20
12 18 20
12 19 20
11 19 20
11 18 20
11 19 20
11 18 20
11 18 20
11 18 20
11 19 20
10 19 20
10 19 20
11 19 20
10 19 20
9 19 20
9 19 20
9 19 20
9 19 20
9 19 20
9 19 20
8 19 20
8 19 20
8 19 20
8 19 20
8 19 20
8 18 20
8 17 20
8 17 20
8 16 20
8 16 20
9 16 20
9 16 20
10 16 20
10 15 20
10 15 20
10 15 20
11 15 20
11 15 20
11 15 20
11 15 20
11 16 20
11 15 20
12 15 20
11 15 20
11 15 20
11 15 20
11 16 20
11 16 20
11 16 20
11 17 20
11 16 20
11 16 20
11 16 20
11 16 20
11 16 20
12 16 20
13 16 15
14 16 15
14 17 15
14 17 15
15 17 15
15 17 15
15 17 15
15 17 15
15 18 15
15 18 15
15 17 15
15 17 15
15 18 15
15 18 15
15 17 15
14 17 15
14 17 15
14 18 15
14 18 15
14 18 15
15 18 15
15 18 15
15 17 15
15 17 15
15 17 15
15 18 15
15 18 15
15 18 15
15 18 15
14 18 15
14 17 15
14 16 15
14 16 15
15 16 15
15 16 15
15 16 15
14 16 15
14 15 15
14 16 15
13 16 15
13 16 15
13 16 15
13 17 15
13 17 15
13 16 15
13 16 15
13 16 15
13 17 15
14 17 15
14 18 15
14 18 15
14 17 15
14 17 15
14 17 15
13 17 15
13 17 15
14 17 15
13 17 15
13 18 15
13 19 15
13 19 15
14 19 15
14 19 15
14 19 15
14 19 15
14 19 15
14 19 15
14 19 15
14 19 15
14 19 15
15 19 15
14 19 15
15 19 15
14 19 15
14 18 15
14 18 15
13 18 15
12 18 15
12 18 15
12 19 15
12 19 15
12 19 15
12 19 15
12 19 15
12 19 15
12 19 15
13 19 15
14 19 15
14 19 15
14 18 15
14 18 15
14 18 15
14 19 15
14 19 15
14 18 15
14 18 15
14 18 15
14 17 15
14 17 15
15 17 15
15 17 15
15 18 15
15 17 15
15 17 15
14 17 15
14 17 15
14 16 15
13 16 15
13 16 15
13 15 15
13 16 15
13 17 15
13 17 15
13 17 15
12 17 15
12 18 15
12 17 15
11 17 15
11 17 15
11 17 15
11 17 15
10 17 15
10 18 15
11 18 15
11 18 15
11 18 15
12 18 15
12 19 15
12 19 15
12 19 15
12 18 15
11 18 15
11 18 15
11 19 15
10 19 15
11 19 15
11 18 15
12 18 15
12 18 15
12 18 15
12 18 15
12 17 15
12 17 15
12 17 15
12 17 15
12 18 15
12 18 15
12 17 15
13 17 15
14 17 15
14 17 15
14 17 15
15 17 15
15 16 15
15 16 15
15 16 15
15 16 15
15 16 15
15 16 15
15 16 15
15 16 15
15 16 15
15 16 15
15 16 15
15 16 15
15 16 15
14 16 15
14 15 15
14 16 15
14 15 15
14 15 15
14 16 15
15 16 15
15 15 15
15 15 15
15 15 15
15 15 15
14 15 15
14 15 15
14 14 15
15 14 15
15 14 15
14 14 15
14 14 15
14 14 15
14 15 15
14 15 15
14 16 15
14 16 15
15 16 15
15 16 15
15 16 15
15 16 15
15 15 15
15 15 15
15 15 15
15 15 15
15 16 15
14 16 15
14 16 15
14 15 15
13 15 15
13 15 15
12 15 15
11 15 15
10 15 15
10 15 15
10 15 15
10 14 15
9 14 15
9 14 15
9 14 15
9 14 15
10 14 15
11 14 15
11 14 15
11 15 15
11 15 15
11 15 15
11 15 15
11 15 15
11 15 15
11 14 15
11 14 15
11 14 15
11 14 15
11 14 15
11 14 15
11 14 15
11 14 15
11 14 15
10 14 15
10 14 15
11 14 15
11 14 15
11 14 15
11 14 15
11 14 15
11 15 15
10 15 15
10 15 15
10 15 15
10 15 15
10 15 15
10 15 15
10 15 15
10 16 15
10 15 15
10 15 15
10 14 15
10 14 15
10 14 15
10 14 15
10 14 15
10 14 15
11 14 15
10 14 15
9 14 15
9 14 15
9 14 15
8 14 15
9 14 15
8 14 15
8 15 15
8 15 15
8 15 15
8 14 15
8 14 15
8 14 15
8 14 15
8 14 15
8 14 15
8 14 15
8 14 15
8 14 15
7 14 15
7 14 15
7 14 15
7 14 15
7 15 15
7 14 15
8 14 15
8 14 15
8 14 15
8 14 15
8 14 15
8 15 15
8 14 15
8 14 15
8 13 15
7 13 15
7 14 15
8 14 15
8 14 15
8 14 15
8 14 15
7 14 15
7 15 15
7 16 15
7 16 15
7 16 15
7 16 15
7 16 15
8 16 15
8 16 15
8 16 15
8 17 15
8 17 15
8 17 15
7 17 15
7 17 15
7 17 15
8 17 15
8 17 15
8 17 15
8 17 15
8 18 15
7 18 15
7 19 15
7 19 15
7 19 15
7 19 15
6 19 15
6 19 15
6 19 15
7 19 15
7 19 15
7 19 15
7 19 15
7 19 15
7 19 15
6 19 15
6 19 15
6 19 15
6 19 15
5 19 15
4 19 15
5 19 15
5 18 15
4 18 15
4 18 15
4 17 15
4 17 15
4 17 15
4 17 15
4 17 15
3 17 15
2 17 15
2 17 15
2 17 15
2 17 15
2 17 15
2 17 15
2 16 15
2 16 15
2 16 15
1 16 15
1 16 15
1 16 15
1 16 15
1 16 15
0 16 15
0 15 15
0 15 15
0 15 15
0 15 15
0 15 15
0 15 15
0 16 15
0 16 15
0 15 15
0 15 15
0 15 15
0 15 15
0 15 15
0 15 15
0 15 15
0 15 15
0 14 15
0 14 15
0 13 15
0 13 15
0 13 15
0 13 15
0 14 15
1 14 15
1 14 15
1 14 15
1 14 15
1 14 15
0 14 15
0 14 15
1 14 15
1 14 15
1 14 15
0 14 15
0 14 15
0 14 15
0 15 15
0 16 15
0 16 15
0 16 15
0 16 15
0 16 15
0 17 15
0 17 15
0 17 15
0 17 15
0 17 15
0 17 15
0 17 15
0 17 15
0 18 15
0 17 15
1 17 15
0 17 15
0 16 15
0 16 15
0 15 15
0 15 15
0 15 15
0 15 15
0 15 15
0 14 15
0 14 15
0 14 15
0 14 15
0 14 15
1 14 15
1 14 15
1 14 15
1 14 15
1 14 15
0 14 15
0 14 15
0 13 15
0 13 15
0 13 15
0 13 15
0 13 15
0 13 15
0 13 15
0 13 15
0 13 15
0 13 15
0 13 15
0 14 15
0 13 15
0 13 15
0 14 15
0 15 15
0 15 15
1 15 15
0 15 15
0 15 15
1 15 15
1 15 15
1 15 15
1 15 15
1 16 15
2 16 15
2 16 15
2 16 15
2 17 15
2 16 15
2 16 15
3 16 15
3 16 15
4 16 15
5 16 15
5 15 15
5 16 15
4 16 15
4 16 15
4 16 15
4 15 15
4 16 15
4 16 15
4 16 15
3 16 15
3 17 15
3 17 15
3 17 15
3 17 15
2 17 15
2 17 15
2 16 15
2 17 15
2 17 15
2 17 15
2 17 15
2 17 15
2 17 15
2 18 15
1 18 15
0 18 15
0 18 15
0 18 15
0 18 15
0 18 15
0 18 15
0 18 15
0 19 15
0 19 15
0 19 15
0 18 15
0 18 15
0 18 15
0 18 15
1 18 15
0 18 15
0 18 15
0 18 15
0 18 15
0 18 15
0 18 15
0 18 15
0 18 15
0 18 15
0 18 15
0 19 15
0 19 15
0 19 15
0 19 15
0 19 15
0 19 15
0 19 15
0 19 15
0 19 15
0 18 15
0 18 15
0 18 15
0 18 15
0 18 15
0 18 15
0 17 15
0 16 15
0 16 15
0 16 15
0 16 15
0 16 15
0 16 15
0 16 15
0 16 15
0 16 15
0 16 15
0 16 15
0 17 15
0 17 15
0 17 15
0 16 15
0 15 15
1 15 15
1 14 15
1 14 15
1 14 15
1 14 15
1 14 15
1 14 15
1 13 15
1 13 15
1 13 15
1 13 15
1 13 15
1 13 15
0 13 15
0 13 15
0 13 15
0 13 15
1 13 15
1 13 15
1 12 15
0 12 15
1 12 15
1 12 15
1 12 15
1 13 15
2 13 15
3 13 15
3 12 15
3 12 15
2 12 15
2 12 15
2 11 15
2 10 15
2 11 15
2 11 15
2 11 15
2 11 15
2 11 15
2 11 15
2 10 15
2 10 15
2 10 15
2 10 15
2 9 15
2 10 15
2 10 15
1 10 15
0 10 15
0 10 15
0 9 15
0 9 15
0 9 15
0 9 15
0 9 15
0 9 15
0 9 15
0 10 15
0 10 15
0 10 15
0 11 15
0 11 15
0 10 15
0 11 15
0 11 15
0 11 15
0 11 15
0 11 15
1 11 15
1 11 15
1 11 15
1 11 15
1 12 15
0 12 15
0 12 15
1 12 15
1 11 15
2 11 15
3 11 8
3 11 1 1
